1,1,812,160,19,55,1,1,1
1,2,870,167,20,50,1,1,1
2,1,813,160,19,55,1,1,1
2,2,871,167,20,50,1,1,1
3,1,813,160,19,55,1,1,1
3,2,872,167,20,50,1,1,1
4,1,812,160,19,55,1,1,1
4,2,871,167,20,50,1,1,1
5,1,812,158,19,55,1,1,1
5,2,872,167,20,50,1,1,1
6,1,813,161,18,52,1,1,1
6,2,872,167,20,50,1,1,1
7,1,813,162,18,52,1,1,1
7,2,872,167,20,50,1,1,1
8,1,813,162,18,52,1,1,1
8,2,871,167,20,50,1,1,1
9,1,811,162,18,52,1,1,1
9,2,870,167,20,50,1,1,1
10,1,811,162,18,52,1,1,1
10,2,871,167,20,50,1,1,1
11,1,811,160,19,55,1,1,1
11,2,869,167,20,50,1,1,1
12,1,810,159,19,55,1,1,1
12,2,870,167,20,50,1,1,1
13,1,811,162,18,52,1,1,1
13,2,869,167,18,48,1,1,1
14,1,810,161,18,52,1,1,1
14,2,870,166,18,48,1,1,1
15,1,810,160,18,52,1,1,1
15,2,870,168,18,48,1,1,1
16,1,810,160,18,52,1,1,1
16,2,870,168,18,48,1,1,1
17,1,810,160,18,52,1,1,1
17,2,870,168,18,48,1,1,1
18,1,811,161,18,52,1,1,1
18,2,869,167,18,48,1,1,1
19,1,810,160,18,52,1,1,1
19,2,869,168,18,48,1,1,1
20,1,810,160,18,52,1,1,1
20,2,870,168,18,48,1,1,1
21,1,810,162,18,52,1,1,1
21,2,870,169,18,48,1,1,1
22,1,808,160,19,55,1,1,1
22,2,869,169,18,48,1,1,1
23,1,808,159,19,55,1,1,1
23,2,870,168,18,48,1,1,1
24,1,808,160,19,55,1,1,1
24,2,870,168,18,48,1,1,1
25,1,807,159,19,55,1,1,1
25,2,869,168,18,48,1,1,1
26,1,807,160,19,55,1,1,1
26,2,869,169,18,48,1,1,1
27,1,807,159,19,55,1,1,1
27,2,869,168,18,48,1,1,1
28,1,808,161,18,52,1,1,1
28,2,869,169,18,48,1,1,1
29,1,808,160,18,52,1,1,1
29,2,869,169,18,48,1,1,1
30,1,807,161,18,52,1,1,1
30,2,868,169,18,48,1,1,1
31,1,806,160,18,52,1,1,1
31,2,867,169,18,48,1,1,1
32,1,806,160,18,52,1,1,1
32,2,867,168,18,48,1,1,1
33,1,806,162,18,52,1,1,1
33,2,868,168,18,48,1,1,1
34,1,805,162,18,52,1,1,1
34,2,868,169,18,48,1,1,1
35,1,805,162,18,52,1,1,1
35,2,867,169,18,48,1,1,1
36,1,804,161,18,52,1,1,1
36,2,866,169,18,48,1,1,1
37,1,802,161,18,52,1,1,1
37,2,866,170,18,48,1,1,1
38,1,801,163,18,52,1,1,1
38,2,867,170,18,48,1,1,1
39,1,801,160,19,55,1,1,1
39,2,866,170,18,48,1,1,1
40,1,800,162,18,52,1,1,1
40,2,866,169,18,48,1,1,1
41,1,800,161,18,52,1,1,1
41,2,866,169,18,48,1,1,1
42,1,799,163,18,52,1,1,1
42,2,866,170,18,48,1,1,1
43,1,799,163,18,52,1,1,1
43,2,867,171,18,48,1,1,1
44,1,798,163,18,52,1,1,1
44,2,866,171,18,48,1,1,1
45,1,798,163,18,52,1,1,1
45,2,867,171,18,48,1,1,1
46,1,797,163,18,52,1,1,1
46,2,866,171,18,48,1,1,1
47,1,797,162,18,52,1,1,1
47,2,868,172,17,46,1,1,1
48,1,796,162,18,52,1,1,1
48,2,868,172,17,46,1,1,1
49,1,795,161,18,52,1,1,1
49,2,868,171,18,48,1,1,1
50,1,795,163,18,52,1,1,1
50,2,867,170,18,48,1,1,1
51,1,795,164,18,52,1,1,1
51,2,868,170,18,48,1,1,1
52,1,793,163,18,52,1,1,1
52,2,867,171,18,48,1,1,1
53,1,792,164,18,52,1,1,1
53,2,868,171,18,48,1,1,1
54,1,792,166,18,52,1,1,1
54,2,867,171,18,48,1,1,1
55,1,790,163,19,55,1,1,1
55,2,868,171,18,48,1,1,1
56,1,788,162,19,55,1,1,1
56,2,868,171,18,48,1,1,1
57,1,788,163,19,55,1,1,1
57,2,867,171,18,48,1,1,1
58,1,788,162,19,55,1,1,1
58,2,868,171,18,48,1,1,1
59,1,787,164,19,55,1,1,1
59,2,867,171,18,48,1,1,1
60,1,785,162,19,55,1,1,1
60,2,869,171,18,48,1,1,1
61,1,785,162,19,55,1,1,1
61,2,869,172,18,48,1,1,1
62,1,784,163,19,55,1,1,1
62,2,868,172,18,48,1,1,1
63,1,784,162,19,55,1,1,1
63,2,867,171,18,48,1,1,1
64,1,784,162,19,55,1,1,1
64,2,868,171,18,48,1,1,1
65,1,783,163,19,55,1,1,1
65,2,867,172,18,48,1,1,1
66,1,782,163,19,55,1,1,1
66,2,868,172,18,48,1,1,1
67,1,782,164,19,55,1,1,1
67,2,867,171,18,48,1,1,1
68,1,781,164,19,55,1,1,1
68,2,868,171,18,48,1,1,1
69,1,780,164,19,55,1,1,1
69,2,867,171,18,48,1,1,1
70,1,780,164,19,55,1,1,1
70,2,867,173,18,48,1,1,1
71,1,779,164,19,55,1,1,1
71,2,867,172,18,48,1,1,1
72,1,778,164,19,55,1,1,1
72,2,868,172,18,48,1,1,1
73,1,778,164,19,55,1,1,1
73,2,868,173,18,48,1,1,1
74,1,778,163,19,55,1,1,1
74,2,868,173,18,48,1,1,1
75,1,778,163,19,55,1,1,1
75,2,868,172,18,48,1,1,1
76,1,777,162,19,55,1,1,1
76,2,869,173,18,48,1,1,1
77,1,776,164,18,52,1,1,1
77,2,868,172,18,48,1,1,1
78,1,776,164,18,52,1,1,1
78,2,869,172,18,48,1,1,1
79,1,775,164,18,52,1,1,1
79,2,869,173,18,48,1,1,1
80,1,776,165,18,52,1,1,1
80,2,868,172,18,48,1,1,1
81,1,774,165,18,52,1,1,1
81,2,869,173,18,48,1,1,1
82,1,774,165,18,52,1,1,1
82,2,869,172,18,48,1,1,1
83,1,773,165,18,52,1,1,1
83,2,868,173,18,48,1,1,1
84,1,773,165,18,52,1,1,1
84,2,869,173,18,48,1,1,1
85,1,772,165,18,52,1,1,1
85,2,869,173,18,48,1,1,1
86,1,771,165,18,52,1,1,1
86,2,868,174,18,48,1,1,1
87,1,771,165,18,52,1,1,1
87,2,869,173,18,48,1,1,1
88,1,770,165,18,52,1,1,1
88,2,869,174,18,48,1,1,1
89,1,769,162,19,55,1,1,1
89,2,867,172,18,48,1,1,1
90,1,768,162,19,55,1,1,1
90,2,867,172,18,48,1,1,1
91,1,767,163,19,55,1,1,1
91,2,867,172,18,48,1,1,1
92,1,767,161,20,58,1,1,1
92,2,868,172,18,48,1,1,1
93,1,765,159,21,61,1,1,1
93,2,868,172,18,48,1,1,1
94,1,764,160,21,61,1,1,1
94,2,867,173,18,48,1,1,1
95,1,765,163,20,58,1,1,1
95,2,868,174,18,48,1,1,1
96,1,764,162,20,58,1,1,1
96,2,867,174,18,48,1,1,1
97,1,764,164,20,58,1,1,1
97,2,868,174,18,48,1,1,1
98,1,763,164,20,58,1,1,1
98,2,867,175,18,48,1,1,1
99,1,761,162,21,61,1,1,1
99,2,868,174,18,48,1,1,1
100,1,761,161,21,61,1,1,1
100,2,868,174,18,48,1,1,1
101,1,760,161,21,61,1,1,1
101,2,867,175,18,48,1,1,1
102,1,757,161,21,61,1,1,1
102,2,868,174,18,48,1,1,1
103,1,756,162,21,61,1,1,1
103,2,868,175,18,48,1,1,1
104,1,756,163,21,61,1,1,1
104,2,868,174,18,48,1,1,1
105,1,755,162,21,61,1,1,1
105,2,867,174,18,48,1,1,1
106,1,755,161,21,61,1,1,1
106,2,866,175,18,48,1,1,1
107,1,754,161,21,61,1,1,1
107,2,867,174,18,48,1,1,1
108,1,753,160,21,61,1,1,1
108,2,867,174,18,48,1,1,1
109,1,753,161,21,61,1,1,1
109,2,866,175,18,48,1,1,1
110,1,752,161,21,61,1,1,1
110,2,866,176,18,48,1,1,1
111,1,751,161,21,61,1,1,1
111,2,865,176,18,48,1,1,1
112,1,751,162,21,61,1,1,1
112,2,865,175,18,48,1,1,1
113,1,750,162,21,61,1,1,1
113,2,866,176,18,48,1,1,1
114,1,749,162,21,61,1,1,1
114,2,864,175,18,48,1,1,1
115,1,748,162,21,61,1,1,1
115,2,864,176,18,48,1,1,1
116,1,748,163,21,61,1,1,1
116,2,864,175,18,48,1,1,1
117,1,747,162,21,61,1,1,1
117,2,864,175,18,48,1,1,1
118,1,747,162,21,61,1,1,1
118,2,865,176,18,48,1,1,1
119,1,747,163,21,61,1,1,1
119,2,863,176,18,48,1,1,1
120,1,747,162,21,61,1,1,1
120,2,863,175,18,48,1,1,1
121,1,746,161,21,61,1,1,1
121,2,864,176,18,48,1,1,1
122,1,746,162,21,61,1,1,1
122,2,863,176,18,48,1,1,1
123,1,746,162,21,61,1,1,1
123,2,863,177,18,48,1,1,1
124,1,745,162,21,61,1,1,1
124,2,863,176,18,48,1,1,1
125,1,744,164,21,61,1,1,1
125,2,862,177,18,48,1,1,1
126,1,743,164,21,61,1,1,1
126,2,862,177,18,48,1,1,1
127,1,744,164,21,61,1,1,1
127,2,862,176,18,48,1,1,1
128,1,743,163,21,61,1,1,1
128,2,862,177,18,48,1,1,1
129,1,742,165,21,61,1,1,1
129,2,862,177,18,48,1,1,1
130,1,742,165,21,61,1,1,1
130,2,860,175,19,50,1,1,1
131,1,741,164,21,61,1,1,1
131,2,860,176,19,50,1,1,1
132,1,740,164,21,61,1,1,1
132,2,861,175,19,50,1,1,1
133,1,740,163,21,61,1,1,1
133,2,860,176,19,50,1,1,1
134,1,739,164,21,61,1,1,1
134,2,859,176,19,50,1,1,1
135,1,738,162,22,64,1,1,1
135,2,859,177,19,50,1,1,1
136,1,737,163,22,64,1,1,1
136,2,858,177,19,50,1,1,1
137,1,738,163,22,64,1,1,1
137,2,858,177,19,50,1,1,1
138,1,736,162,22,64,1,1,1
138,2,859,176,19,50,1,1,1
139,1,736,163,22,64,1,1,1
139,2,857,178,19,50,1,1,1
140,1,736,162,22,64,1,1,1
140,2,858,178,19,50,1,1,1
141,1,736,162,22,64,1,1,1
141,2,856,178,19,50,1,1,1
142,1,734,163,22,64,1,1,1
142,2,857,177,19,50,1,1,1
143,1,734,164,22,64,1,1,1
143,2,856,176,19,50,1,1,1
144,1,733,164,22,64,1,1,1
144,2,856,177,19,50,1,1,1
145,1,733,164,22,64,1,1,1
145,2,855,176,19,50,1,1,1
146,1,733,164,22,64,1,1,1
146,2,855,178,19,50,1,1,1
147,1,732,163,22,64,1,1,1
147,2,855,177,19,50,1,1,1
148,1,732,162,22,64,1,1,1
148,2,854,179,19,50,1,1,1
149,1,732,163,22,64,1,1,1
149,2,855,179,19,50,1,1,1
150,1,731,163,22,64,1,1,1
150,2,854,178,19,50,1,1,1
151,1,730,163,22,64,1,1,1
151,2,855,180,19,50,1,1,1
152,1,731,162,22,64,1,1,1
152,2,854,179,19,50,1,1,1
153,1,730,164,22,64,1,1,1
153,2,854,180,19,50,1,1,1
154,1,729,164,22,64,1,1,1
154,2,853,179,19,50,1,1,1
155,1,729,164,22,64,1,1,1
155,2,854,179,19,50,1,1,1
156,1,728,164,22,64,1,1,1
156,2,855,178,19,50,1,1,1
157,1,729,165,22,64,1,1,1
157,2,854,180,19,50,1,1,1
158,1,728,166,22,64,1,1,1
158,2,854,179,19,50,1,1,1
159,1,728,165,22,64,1,1,1
159,2,854,180,19,50,1,1,1
160,1,728,166,22,64,1,1,1
160,2,853,180,19,50,1,1,1
161,1,727,166,22,64,1,1,1
161,2,853,180,19,50,1,1,1
162,1,727,166,22,64,1,1,1
162,2,853,180,18,50,1,1,1
163,1,726,166,22,64,1,1,1
163,2,853,179,18,50,1,1,1
164,1,726,164,22,64,1,1,1
164,2,852,180,18,50,1,1,1
165,1,725,165,22,64,1,1,1
165,2,852,181,18,50,1,1,1
166,1,726,165,22,64,1,1,1
166,2,851,180,18,50,1,1,1
167,1,724,165,22,64,1,1,1
167,2,850,181,18,50,1,1,1
168,1,725,165,22,64,1,1,1
168,2,851,180,18,50,1,1,1
169,1,724,165,22,64,1,1,1
169,2,851,180,18,50,1,1,1
170,1,723,165,22,64,1,1,1
170,2,851,180,18,50,1,1,1
171,1,724,167,22,64,1,1,1
171,2,851,179,18,50,1,1,1
172,1,723,166,22,64,1,1,1
172,2,850,180,18,50,1,1,1
173,1,722,166,22,64,1,1,1
173,2,850,181,18,50,1,1,1
174,1,721,166,22,64,1,1,1
174,2,849,180,18,50,1,1,1
175,1,721,166,22,64,1,1,1
175,2,849,181,18,50,1,1,1
176,1,720,166,22,64,1,1,1
176,2,850,181,18,50,1,1,1
177,1,719,167,22,64,1,1,1
177,2,850,182,18,50,1,1,1
178,1,717,164,23,67,1,1,1
178,2,850,181,18,50,1,1,1
179,1,717,163,23,67,1,1,1
179,2,849,182,18,50,1,1,1
180,1,716,163,23,67,1,1,1
180,2,849,181,18,50,1,1,1
181,1,717,163,23,67,1,1,1
181,2,849,181,18,50,1,1,1
182,1,716,166,22,64,1,1,1
182,2,849,182,18,50,1,1,1
183,1,716,166,22,64,1,1,1
183,2,849,181,18,50,1,1,1
184,1,716,165,22,64,1,1,1
184,2,849,182,18,50,1,1,1
185,1,716,166,22,64,1,1,1
185,2,849,181,18,50,1,1,1
186,1,716,166,22,64,1,1,1
186,2,849,182,18,50,1,1,1
187,1,716,167,22,64,1,1,1
187,2,848,182,18,50,1,1,1
188,1,714,167,22,64,1,1,1
188,2,848,182,18,50,1,1,1
189,1,714,168,22,64,1,1,1
189,2,847,183,18,50,1,1,1
190,1,714,168,22,64,1,1,1
190,2,846,184,18,50,1,1,1
191,1,713,167,22,64,1,1,1
191,2,847,184,18,50,1,1,1
192,1,712,167,22,64,1,1,1
192,2,847,184,18,50,1,1,1
193,1,712,168,22,64,1,1,1
193,2,846,184,18,50,1,1,1
194,1,711,167,22,64,1,1,1
194,2,846,184,18,50,1,1,1
195,1,711,166,22,64,1,1,1
195,2,845,183,18,50,1,1,1
196,1,711,167,22,64,1,1,1
196,2,844,184,18,50,1,1,1
197,1,711,167,22,64,1,1,1
197,2,844,184,18,50,1,1,1
198,1,709,166,22,64,1,1,1
198,2,845,183,18,50,1,1,1
199,1,705,166,28,66,1,1,1
199,2,845,183,18,50,1,1,1
200,1,705,165,28,66,1,1,1
200,2,845,183,18,50,1,1,1
201,1,704,166,28,66,1,1,1
201,2,843,183,18,50,1,1,1
202,1,703,168,28,66,1,1,1
202,2,843,183,18,50,1,1,1
203,1,704,168,28,66,1,1,1
203,2,844,183,18,50,1,1,1
204,1,702,167,28,66,1,1,1
204,2,844,185,18,50,1,1,1
205,1,703,168,28,66,1,1,1
205,2,844,184,18,50,1,1,1
206,1,702,169,28,66,1,1,1
206,2,844,184,18,50,1,1,1
207,1,702,169,28,66,1,1,1
207,2,844,184,18,50,1,1,1
208,1,702,169,28,66,1,1,1
208,2,844,185,18,50,1,1,1
209,1,701,168,28,66,1,1,1
209,2,844,185,18,50,1,1,1
210,1,702,167,28,66,1,1,1
210,2,844,185,18,50,1,1,1
211,1,701,167,28,66,1,1,1
211,2,844,185,18,50,1,1,1
212,1,702,168,28,66,1,1,1
212,2,843,185,18,50,1,1,1
213,1,702,168,28,66,1,1,1
213,2,842,185,18,50,1,1,1
214,1,701,167,28,66,1,1,1
214,2,842,185,18,50,1,1,1
215,1,701,168,28,66,1,1,1
215,2,842,185,18,50,1,1,1
216,1,701,168,28,66,1,1,1
216,2,842,185,18,50,1,1,1
217,1,701,170,28,66,1,1,1
217,2,842,186,18,50,1,1,1
218,1,701,171,28,66,1,1,1
218,2,842,185,18,50,1,1,1
219,1,701,170,28,66,1,1,1
219,2,842,185,18,50,1,1,1
220,1,701,170,28,66,1,1,1
220,2,840,185,18,50,1,1,1
221,1,701,168,29,69,1,1,1
221,2,840,185,18,50,1,1,1
222,1,702,169,29,69,1,1,1
222,2,840,185,18,50,1,1,1
223,1,702,168,29,69,1,1,1
223,2,841,185,18,50,1,1,1
224,1,702,169,29,69,1,1,1
224,2,840,185,18,50,1,1,1
225,1,702,168,29,69,1,1,1
225,2,841,186,18,50,1,1,1
226,1,701,168,29,69,1,1,1
226,2,841,187,18,50,1,1,1
227,1,702,168,29,69,1,1,1
227,2,840,185,19,52,1,1,1
228,1,702,168,29,69,1,1,1
228,2,839,185,19,52,1,1,1
229,1,701,168,29,69,1,1,1
229,2,839,184,19,52,1,1,1
230,1,702,169,29,69,1,1,1
230,2,839,185,18,50,1,1,1
231,1,702,168,29,69,1,1,1
231,2,839,188,18,50,1,1,1
232,1,701,169,29,69,1,1,1
232,2,840,187,18,50,1,1,1
233,1,702,169,29,69,1,1,1
233,2,839,186,18,50,1,1,1
234,1,701,169,29,69,1,1,1
234,2,840,186,18,50,1,1,1
235,1,700,170,29,69,1,1,1
235,2,839,187,18,50,1,1,1
236,1,700,170,29,69,1,1,1
236,2,840,187,18,50,1,1,1
237,1,699,171,29,69,1,1,1
237,2,839,186,18,50,1,1,1
238,1,699,169,29,69,1,1,1
238,2,840,186,18,50,1,1,1
239,1,699,171,24,69,1,1,1
239,2,839,187,18,50,1,1,1
240,1,701,170,24,69,1,1,1
240,2,840,187,18,50,1,1,1
241,1,700,169,24,69,1,1,1
241,2,840,187,18,50,1,1,1
242,1,700,170,24,69,1,1,1
242,2,839,187,18,50,1,1,1
243,1,700,169,24,69,1,1,1
243,2,839,187,18,50,1,1,1
244,1,699,169,25,72,1,1,1
244,2,837,188,18,50,1,1,1
245,1,701,171,24,69,1,1,1
245,2,836,189,18,50,1,1,1
246,1,701,173,23,66,1,1,1
246,2,837,190,18,50,1,1,1
247,1,700,174,23,66,1,1,1
247,2,832,176,22,63,1,1,1
248,1,700,175,23,66,1,1,1
248,2,835,178,22,63,1,1,1
249,1,699,174,23,66,1,1,1
249,2,833,177,23,66,1,1,1
250,1,699,175,23,66,1,1,1
250,2,833,178,23,66,1,1,1
251,1,699,174,23,66,1,1,1
251,2,834,177,23,66,1,1,1
252,1,698,175,23,66,1,1,1
252,2,833,177,23,66,1,1,1
253,1,696,174,23,66,1,1,1
253,2,833,175,23,66,1,1,1
254,1,696,173,23,66,1,1,1
254,2,832,175,23,66,1,1,1
255,1,695,173,23,66,1,1,1
255,2,832,175,23,66,1,1,1
256,1,695,173,23,66,1,1,1
256,2,833,174,23,66,1,1,1
257,1,695,173,23,66,1,1,1
257,2,832,174,23,66,1,1,1
258,1,695,174,23,66,1,1,1
258,2,832,175,23,66,1,1,1
259,1,695,174,23,66,1,1,1
259,2,831,176,23,66,1,1,1
260,1,693,174,23,66,1,1,1
260,2,831,175,23,66,1,1,1
261,1,693,176,23,66,1,1,1
261,2,832,176,23,66,1,1,1
262,1,693,175,23,66,1,1,1
262,2,832,175,23,66,1,1,1
263,1,691,175,24,69,1,1,1
263,2,832,179,23,66,1,1,1
264,1,690,174,24,69,1,1,1
264,2,832,178,23,66,1,1,1
265,1,691,174,24,69,1,1,1
265,2,831,178,23,66,1,1,1
266,1,691,174,24,69,1,1,1
266,2,831,177,23,66,1,1,1
267,1,689,173,24,69,1,1,1
267,2,832,177,23,66,1,1,1
268,1,689,173,25,72,1,1,1
268,2,831,176,23,66,1,1,1
269,1,688,173,25,72,1,1,1
269,2,832,177,23,66,1,1,1
270,1,689,173,25,72,1,1,1
270,2,831,178,23,66,1,1,1
271,1,688,173,25,72,1,1,1
271,2,832,178,23,66,1,1,1
272,1,687,173,25,72,1,1,1
272,2,831,178,23,66,1,1,1
273,1,688,173,25,72,1,1,1
273,2,830,179,23,66,1,1,1
274,1,688,174,25,72,1,1,1
274,2,830,180,23,66,1,1,1
275,1,688,174,25,72,1,1,1
275,2,830,179,23,66,1,1,1
276,1,689,175,25,72,1,1,1
276,2,830,180,23,66,1,1,1
277,1,689,174,25,72,1,1,1
277,2,829,180,23,66,1,1,1
278,1,687,175,25,72,1,1,1
278,2,829,183,23,66,1,1,1
279,1,689,175,25,72,1,1,1
279,2,830,183,22,63,1,1,1
280,1,689,176,25,72,1,1,1
280,2,829,185,21,60,1,1,1
281,1,689,175,25,72,1,1,1
281,2,830,185,21,60,1,1,1
282,1,689,176,25,72,1,1,1
282,2,829,185,21,60,1,1,1
283,1,689,174,25,72,1,1,1
283,2,829,187,21,60,1,1,1
284,1,691,174,25,72,1,1,1
284,2,828,186,21,60,1,1,1
285,1,691,175,25,72,1,1,1
285,2,827,186,21,60,1,1,1
286,1,691,174,25,72,1,1,1
286,2,828,189,21,60,1,1,1
287,1,692,175,25,72,1,1,1
287,2,825,180,24,66,1,1,1
288,1,692,174,26,76,1,1,1
288,2,828,179,24,66,1,1,1
289,1,691,173,28,80,1,1,1
289,2,827,184,24,66,1,1,1
290,1,690,173,28,80,1,1,1
290,2,826,183,24,66,1,1,1
291,1,691,173,28,80,1,1,1
291,2,827,185,24,66,1,1,1
292,1,689,173,28,80,1,1,1
292,2,827,185,24,66,1,1,1
293,1,690,174,28,80,1,1,1
293,2,827,185,24,66,1,1,1
294,1,690,173,28,80,1,1,1
294,2,827,183,24,66,1,1,1
295,1,691,174,28,80,1,1,1
295,2,827,184,24,66,1,1,1
296,1,692,174,28,80,1,1,1
296,2,825,185,24,66,1,1,1
297,1,692,173,28,80,1,1,1
297,2,826,185,24,66,1,1,1
298,1,693,173,28,80,1,1,1
298,2,826,184,24,66,1,1,1
299,1,694,173,28,80,1,1,1
299,2,825,184,24,66,1,1,1
300,1,693,173,28,80,1,1,1
300,2,825,185,24,66,1,1,1
301,1,694,174,28,80,1,1,1
301,2,824,186,24,66,1,1,1
302,1,694,175,28,80,1,1,1
302,2,824,189,24,66,1,1,1
303,1,694,176,28,80,1,1,1
303,2,823,186,24,66,1,1,1
304,1,694,177,28,80,1,1,1
304,2,823,186,24,66,1,1,1
305,1,695,176,28,80,1,1,1
305,2,824,186,24,66,1,1,1
306,1,696,177,28,80,1,1,1
306,2,824,185,24,66,1,1,1
307,1,695,177,28,80,1,1,1
307,2,823,186,24,66,1,1,1
308,1,696,178,28,80,1,1,1
308,2,822,185,24,66,1,1,1
309,1,695,176,28,80,1,1,1
309,2,820,186,24,66,1,1,1
310,1,696,177,28,80,1,1,1
310,2,820,185,24,66,1,1,1
311,1,695,175,28,80,1,1,1
311,2,818,188,24,66,1,1,1
312,1,696,175,28,80,1,1,1
312,2,819,188,24,66,1,1,1
313,1,696,175,28,80,1,1,1
313,2,818,189,24,66,1,1,1
314,1,696,175,28,80,1,1,1
314,2,817,190,24,66,1,1,1
315,1,695,176,28,80,1,1,1
315,2,816,188,24,66,1,1,1
316,1,695,176,28,80,1,1,1
316,2,817,189,24,66,1,1,1
317,1,695,177,28,80,1,1,1
317,2,816,189,24,66,1,1,1
318,1,695,177,28,80,1,1,1
318,2,816,191,24,66,1,1,1
319,1,695,179,28,80,1,1,1
319,2,815,189,24,66,1,1,1
320,1,696,178,28,80,1,1,1
320,2,815,193,23,63,1,1,1
321,1,696,178,28,80,1,1,1
321,2,816,192,23,63,1,1,1
322,1,696,178,28,80,1,1,1
322,2,815,193,23,63,1,1,1
323,1,694,179,28,80,1,1,1
323,2,815,193,23,63,1,1,1
324,1,694,179,28,80,1,1,1
324,2,815,187,24,69,1,1,1
325,1,694,178,28,80,1,1,1
325,2,815,190,24,69,1,1,1
326,1,694,178,28,80,1,1,1
326,2,814,189,24,69,1,1,1
327,1,694,179,28,80,1,1,1
327,2,815,189,24,69,1,1,1
328,1,695,179,28,80,1,1,1
328,2,814,190,24,69,1,1,1
329,1,694,180,28,80,1,1,1
329,2,815,190,24,69,1,1,1
330,1,694,180,28,80,1,1,1
330,2,814,189,24,69,1,1,1
331,1,694,181,28,80,1,1,1
331,2,814,189,24,69,1,1,1
332,1,692,180,29,84,1,1,1
332,2,814,189,24,69,1,1,1
333,1,694,182,28,80,1,1,1
333,2,813,190,24,69,1,1,1
334,1,694,181,28,80,1,1,1
334,2,814,190,24,69,1,1,1
335,1,693,182,28,80,1,1,1
335,2,813,191,24,69,1,1,1
336,1,694,181,28,80,1,1,1
336,2,813,190,24,69,1,1,1
337,1,693,182,28,80,1,1,1
337,2,813,191,24,69,1,1,1
338,1,692,181,28,80,1,1,1
338,2,813,191,24,69,1,1,1
339,1,693,181,28,80,1,1,1
339,2,812,190,24,69,1,1,1
340,1,692,180,28,80,1,1,1
340,2,812,191,24,69,1,1,1
341,1,691,180,28,80,1,1,1
341,2,811,191,24,69,1,1,1
342,1,691,181,28,80,1,1,1
342,2,812,191,24,69,1,1,1
343,1,692,182,28,80,1,1,1
343,2,811,192,24,69,1,1,1
344,1,692,183,28,80,1,1,1
344,2,812,191,24,69,1,1,1
345,1,691,184,28,80,1,1,1
345,2,812,192,24,69,1,1,1
346,1,691,185,28,80,1,1,1
346,2,811,193,24,69,1,1,1
347,1,691,184,28,80,1,1,1
347,2,811,193,24,69,1,1,1
348,1,691,185,28,80,1,1,1
348,2,812,193,24,69,1,1,1
349,1,690,185,28,80,1,1,1
349,2,812,192,24,69,1,1,1
350,1,690,184,28,80,1,1,1
350,2,812,193,24,69,1,1,1
351,1,689,185,28,80,1,1,1
351,2,812,193,24,69,1,1,1
352,1,690,184,28,80,1,1,1
352,2,811,193,24,69,1,1,1
353,1,689,184,28,80,1,1,1
353,2,811,194,24,69,1,1,1
354,1,690,184,28,80,1,1,1
354,2,810,193,24,69,1,1,1
355,1,690,183,28,80,1,1,1
355,2,810,193,24,69,1,1,1
356,1,689,183,28,80,1,1,1
356,2,810,193,24,69,1,1,1
357,1,688,184,28,80,1,1,1
357,2,810,193,24,69,1,1,1
358,1,688,184,28,80,1,1,1
358,2,809,195,24,69,1,1,1
359,1,687,185,28,80,1,1,1
359,2,810,194,24,69,1,1,1
360,1,688,187,28,80,1,1,1
360,2,804,185,29,80,1,1,1
361,1,688,186,28,80,1,1,1
361,2,806,189,29,80,1,1,1
362,1,684,181,30,86,1,1,1
362,2,805,189,29,80,1,1,1
363,1,686,184,30,86,1,1,1
363,2,805,188,29,80,1,1,1
364,1,685,185,30,86,1,1,1
364,2,806,188,29,80,1,1,1
365,1,684,183,31,90,1,1,1
365,2,805,190,29,80,1,1,1
366,1,684,181,31,90,1,1,1
366,2,805,189,29,80,1,1,1
367,1,684,181,31,90,1,1,1
367,2,804,190,29,80,1,1,1
368,1,682,182,31,90,1,1,1
368,2,804,189,29,80,1,1,1
369,1,683,181,31,90,1,1,1
369,2,803,191,29,80,1,1,1
370,1,682,182,31,90,1,1,1
370,2,803,190,29,80,1,1,1
371,1,683,182,31,90,1,1,1
371,2,803,192,29,80,1,1,1
372,1,681,182,31,90,1,1,1
372,2,803,192,29,80,1,1,1
373,1,681,183,31,90,1,1,1
373,2,803,191,29,80,1,1,1
374,1,681,183,31,90,1,1,1
374,2,803,192,29,80,1,1,1
375,1,681,184,31,90,1,1,1
375,2,802,193,29,80,1,1,1
376,1,679,185,31,90,1,1,1
376,2,802,193,29,80,1,1,1
377,1,679,184,31,90,1,1,1
377,2,802,193,29,80,1,1,1
378,1,672,188,32,90,1,1,1
378,2,801,192,30,90,1,1,1
379,1,675,186,32,90,1,1,1
379,2,802,193,30,90,1,1,1
380,1,674,185,32,90,1,1,1
380,2,802,194,30,90,1,1,1
381,1,674,185,32,90,1,1,1
381,2,801,192,30,90,1,1,1
382,1,674,185,32,90,1,1,1
382,2,802,193,30,90,1,1,1
383,1,673,186,32,90,1,1,1
383,2,801,194,30,90,1,1,1
384,1,673,185,32,90,1,1,1
384,2,800,196,30,90,1,1,1
385,1,671,184,34,94,1,1,1
385,2,800,196,30,90,1,1,1
386,1,671,184,34,94,1,1,1
386,2,799,197,30,90,1,1,1
387,1,671,184,34,94,1,1,1
387,2,799,195,30,90,1,1,1
388,1,670,185,34,94,1,1,1
388,2,797,195,30,90,1,1,1
389,1,669,186,34,94,1,1,1
389,2,798,197,30,90,1,1,1
390,1,668,185,34,94,1,1,1
390,2,797,197,30,90,1,1,1
391,1,666,186,34,94,1,1,1
391,2,797,197,30,90,1,1,1
392,1,666,186,34,94,1,1,1
392,2,797,195,31,94,1,1,1
393,1,664,185,34,94,1,1,1
393,2,796,194,31,94,1,1,1
394,1,664,185,34,94,1,1,1
394,2,796,195,31,94,1,1,1
395,1,661,186,34,94,1,1,1
395,2,795,194,31,94,1,1,1
396,1,660,186,34,94,1,1,1
396,2,794,194,31,94,1,1,1
397,1,659,186,34,94,1,1,1
397,2,795,195,31,94,1,1,1
398,1,657,186,34,94,1,1,1
398,2,795,195,31,94,1,1,1
399,1,656,186,34,94,1,1,1
399,2,793,195,31,94,1,1,1
400,1,656,186,34,94,1,1,1
400,2,794,195,31,94,1,1,1
401,1,655,188,34,94,1,1,1
401,2,793,196,31,94,1,1,1
402,1,655,188,34,94,1,1,1
402,2,792,196,31,94,1,1,1
403,1,655,189,34,94,1,1,1
403,2,793,195,31,94,1,1,1
404,1,653,189,34,94,1,1,1
404,2,792,196,31,94,1,1,1
405,1,652,188,34,94,1,1,1
405,2,790,196,31,94,1,1,1
406,1,651,188,34,94,1,1,1
406,2,790,195,31,94,1,1,1
407,1,651,189,34,94,1,1,1
407,2,791,195,31,94,1,1,1
408,1,649,188,34,94,1,1,1
408,2,789,195,31,94,1,1,1
409,1,649,188,34,94,1,1,1
409,2,790,196,31,94,1,1,1
410,1,649,189,32,90,1,1,1
410,2,789,195,31,94,1,1,1
411,1,648,188,34,94,1,1,1
411,2,788,196,31,94,1,1,1
412,1,647,188,34,94,1,1,1
412,2,786,196,31,94,1,1,1
413,1,646,188,34,94,1,1,1
413,2,787,195,31,94,1,1,1
414,1,645,189,34,94,1,1,1
414,2,785,195,31,94,1,1,1
415,1,644,190,34,94,1,1,1
415,2,785,196,31,94,1,1,1
416,1,643,189,34,94,1,1,1
416,2,785,196,31,94,1,1,1
417,1,643,190,34,94,1,1,1
417,2,783,195,31,94,1,1,1
418,1,642,192,34,94,1,1,1
418,2,783,196,31,94,1,1,1
419,1,640,192,34,94,1,1,1
419,2,784,195,31,94,1,1,1
420,1,639,192,34,94,1,1,1
420,2,782,195,31,94,1,1,1
421,1,639,191,34,94,1,1,1
421,2,782,195,31,94,1,1,1
422,1,639,192,34,94,1,1,1
422,2,782,196,31,94,1,1,1
423,1,637,192,34,94,1,1,1
423,2,782,199,30,90,1,1,1
424,1,637,191,34,94,1,1,1
424,2,782,199,30,90,1,1,1
425,1,637,191,34,94,1,1,1
425,2,781,199,30,90,1,1,1
426,1,635,192,34,94,1,1,1
426,2,781,200,30,90,1,1,1
427,1,634,192,34,94,1,1,1
427,2,781,200,30,90,1,1,1
428,1,634,192,34,94,1,1,1
428,2,780,200,30,90,1,1,1
429,1,634,193,34,94,1,1,1
429,2,781,202,29,86,1,1,1
430,1,634,194,34,94,1,1,1
430,2,779,202,29,86,1,1,1
431,1,632,195,34,94,1,1,1
431,2,779,202,29,86,1,1,1
432,1,632,194,34,94,1,1,1
432,2,779,202,29,86,1,1,1
433,1,631,196,34,94,1,1,1
433,2,779,201,29,86,1,1,1
434,1,629,196,34,94,1,1,1
434,2,778,202,29,86,1,1,1
435,1,629,196,34,94,1,1,1
435,2,777,201,30,90,1,1,1
436,1,629,195,34,94,1,1,1
436,2,776,202,30,90,1,1,1
437,1,627,194,34,94,1,1,1
437,2,776,200,31,94,1,1,1
438,1,628,194,34,94,1,1,1
438,2,774,200,31,94,1,1,1
439,1,626,194,34,94,1,1,1
439,2,774,200,31,94,1,1,1
440,1,625,195,34,94,1,1,1
440,2,773,199,31,94,1,1,1
441,1,624,194,34,94,1,1,1
441,2,772,199,31,94,1,1,1
442,1,624,196,34,94,1,1,1
442,2,771,199,31,94,1,1,1
443,1,624,197,34,94,1,1,1
443,2,770,199,31,94,1,1,1
444,1,622,198,34,94,1,1,1
444,2,771,202,30,90,1,1,1
445,1,621,199,34,94,1,1,1
445,2,770,202,30,90,1,1,1
446,1,620,199,34,94,1,1,1
446,2,769,203,30,90,1,1,1
447,1,619,199,34,94,1,1,1
447,2,768,204,30,90,1,1,1
448,1,617,200,34,94,1,1,1
448,2,767,204,30,90,1,1,1
449,1,617,199,34,94,1,1,1
449,2,766,205,30,90,1,1,1
450,1,615,196,35,99,1,1,1
450,2,767,204,30,90,1,1,1
451,1,613,195,35,99,1,1,1
451,2,767,204,30,90,1,1,1
452,1,612,199,34,94,1,1,1
452,2,765,205,30,90,1,1,1
453,1,611,199,34,94,1,1,1
453,2,765,204,30,90,1,1,1
454,1,609,197,34,94,1,1,1
454,2,765,204,30,90,1,1,1
455,1,608,197,34,94,1,1,1
455,2,764,205,30,90,1,1,1
456,1,608,197,34,94,1,1,1
456,2,764,205,30,90,1,1,1
457,1,607,198,34,94,1,1,1
457,2,764,207,30,90,1,1,1
458,1,606,198,34,94,1,1,1
458,2,762,206,31,94,1,1,1
459,1,604,200,34,94,1,1,1
459,2,762,205,31,94,1,1,1
460,1,603,200,34,94,1,1,1
460,2,762,206,31,94,1,1,1
461,1,600,198,34,94,1,1,1
461,2,759,207,31,94,1,1,1
462,1,599,196,34,94,1,1,1
462,2,760,206,31,94,1,1,1
463,1,596,197,34,94,1,1,1
463,2,758,207,31,94,1,1,1
464,1,590,196,38,112,1,1,1
464,2,753,207,36,94,1,1,1
465,1,590,193,38,112,1,1,1
465,2,756,206,36,94,1,1,1
466,1,589,193,38,112,1,1,1
466,2,757,206,36,94,1,1,1
467,1,587,195,38,112,1,1,1
467,2,755,206,36,94,1,1,1
468,1,586,193,38,112,1,1,1
468,2,756,206,36,94,1,1,1
469,1,584,195,38,112,1,1,1
469,2,756,207,36,94,1,1,1
470,1,582,194,38,112,1,1,1
470,2,755,209,36,94,1,1,1
471,1,580,194,38,112,1,1,1
471,2,750,209,40,95,1,1,1
472,1,578,195,38,112,1,1,1
472,2,754,209,40,95,1,1,1
473,1,576,195,38,112,1,1,1
473,2,753,209,40,95,1,1,1
474,1,573,196,38,112,1,1,1
474,2,752,209,40,95,1,1,1
475,1,571,196,38,112,1,1,1
475,2,752,209,40,95,1,1,1
476,1,569,196,38,112,1,1,1
476,2,753,208,40,95,1,1,1
477,1,567,195,38,112,1,1,1
477,2,753,210,40,95,1,1,1
478,1,565,194,38,112,1,1,1
478,2,752,209,40,95,1,1,1
479,1,563,195,38,112,1,1,1
479,2,748,208,44,100,1,1,1
480,1,561,194,38,112,1,1,1
480,2,751,208,44,100,1,1,1
481,1,560,194,38,112,1,1,1
481,2,751,208,44,100,1,1,1
482,1,561,196,36,107,1,1,1
482,2,750,209,44,100,1,1,1
483,1,560,198,36,107,1,1,1
483,2,749,211,44,100,1,1,1
484,1,558,196,38,112,1,1,1
484,2,749,210,44,100,1,1,1
485,1,557,196,38,112,1,1,1
485,2,748,211,44,100,1,1,1
486,1,555,197,38,112,1,1,1
486,2,748,212,44,100,1,1,1
487,1,554,200,36,107,1,1,1
487,2,746,212,44,100,1,1,1
488,1,553,200,36,107,1,1,1
488,2,747,211,44,100,1,1,1
489,1,550,201,36,107,1,1,1
489,2,746,211,44,100,1,1,1
490,1,549,204,34,102,1,1,1
490,2,747,211,44,100,1,1,1
491,1,546,204,34,102,1,1,1
491,2,747,211,44,100,1,1,1
492,1,544,204,34,102,1,1,1
492,2,745,212,44,100,1,1,1
493,1,542,204,34,102,1,1,1
493,2,746,214,44,100,1,1,1
494,1,540,204,34,102,1,1,1
494,2,746,213,44,100,1,1,1
495,1,533,198,41,120,1,1,1
495,2,741,208,46,108,1,1,1
496,1,535,196,41,120,1,1,1
496,2,743,211,46,108,1,1,1
497,1,533,196,41,120,1,1,1
497,2,743,213,46,108,1,1,1
498,1,533,197,41,120,1,1,1
498,2,743,212,46,108,1,1,1
499,1,532,198,41,120,1,1,1
499,2,742,213,46,108,1,1,1
500,1,532,198,41,120,1,1,1
500,2,742,213,46,108,1,1,1
501,1,529,199,41,120,1,1,1
501,2,743,213,46,108,1,1,1
502,1,529,199,41,120,1,1,1
502,2,743,212,46,108,1,1,1
503,1,527,200,41,120,1,1,1
503,2,742,213,46,108,1,1,1
504,1,525,201,41,120,1,1,1
504,2,742,213,46,108,1,1,1
505,1,524,200,41,120,1,1,1
505,2,742,214,46,108,1,1,1
506,1,523,199,41,120,1,1,1
506,2,742,214,46,108,1,1,1
507,1,522,200,41,120,1,1,1
507,2,740,213,46,108,1,1,1
508,1,521,203,39,114,1,1,1
508,2,741,216,46,108,1,1,1
509,1,514,199,45,121,1,1,1
509,2,738,208,39,121,1,1,1
510,1,516,199,45,121,1,1,1
510,2,741,209,39,121,1,1,1
511,1,514,200,45,121,1,1,1
511,2,739,209,39,121,1,1,1
512,1,513,201,45,121,1,1,1
512,2,739,210,39,121,1,1,1
513,1,511,202,45,121,1,1,1
513,2,739,210,39,121,1,1,1
514,1,512,202,45,121,1,1,1
514,2,739,210,39,121,1,1,1
515,1,511,203,45,121,1,1,1
515,2,739,210,39,121,1,1,1
516,1,508,203,45,121,1,1,1
516,2,739,210,39,121,1,1,1
517,1,508,205,45,121,1,1,1
517,2,738,210,39,121,1,1,1
518,1,506,204,45,121,1,1,1
518,2,739,212,39,121,1,1,1
519,1,505,205,45,121,1,1,1
519,2,737,214,39,121,1,1,1
520,1,502,203,47,127,1,1,1
520,2,737,214,39,121,1,1,1
521,1,502,203,47,127,1,1,1
521,2,737,215,39,121,1,1,1
522,1,501,201,47,127,1,1,1
522,2,738,215,39,121,1,1,1
523,1,500,202,47,127,1,1,1
523,2,736,214,39,121,1,1,1
524,1,498,203,47,127,1,1,1
524,2,735,212,41,127,1,1,1
525,1,499,206,45,121,1,1,1
525,2,735,211,41,127,1,1,1
526,1,498,207,45,121,1,1,1
526,2,736,211,41,127,1,1,1
527,1,497,202,47,127,1,1,1
527,2,735,212,41,127,1,1,1
528,1,496,203,47,127,1,1,1
528,2,736,213,41,127,1,1,1
529,1,494,205,47,127,1,1,1
529,2,734,211,43,133,1,1,1
530,1,493,206,47,127,1,1,1
530,2,735,212,43,133,1,1,1
531,1,491,206,47,127,1,1,1
531,2,734,212,43,133,1,1,1
532,1,490,207,47,127,1,1,1
532,2,733,213,43,133,1,1,1
533,1,488,207,47,127,1,1,1
533,2,733,213,43,133,1,1,1
534,1,488,207,47,127,1,1,1
534,2,733,214,43,133,1,1,1
535,1,486,207,47,127,1,1,1
535,2,732,214,43,133,1,1,1
536,1,484,204,50,133,1,1,1
536,2,732,214,43,133,1,1,1
537,1,483,203,50,133,1,1,1
537,2,731,214,43,133,1,1,1
538,1,482,204,50,133,1,1,1
538,2,731,213,43,133,1,1,1
539,1,481,203,50,133,1,1,1
539,2,731,214,43,133,1,1,1
540,1,480,204,50,133,1,1,1
540,2,731,214,43,133,1,1,1
541,1,479,204,50,133,1,1,1
541,2,731,214,43,133,1,1,1
542,1,477,209,47,127,1,1,1
542,2,731,216,43,133,1,1,1
543,1,477,210,47,127,1,1,1
543,2,732,216,43,133,1,1,1
544,1,474,211,47,127,1,1,1
544,2,731,215,45,140,1,1,1
545,1,474,211,47,127,1,1,1
545,2,729,216,45,140,1,1,1
546,1,470,213,47,127,1,1,1
546,2,729,216,45,140,1,1,1
547,1,468,213,47,127,1,1,1
547,2,730,216,45,140,1,1,1
548,1,467,213,47,127,1,1,1
548,2,730,216,45,140,1,1,1
549,1,463,213,47,127,1,1,1
549,2,730,216,45,140,1,1,1
550,1,461,211,47,127,1,1,1
550,2,730,217,45,140,1,1,1
551,1,461,212,47,127,1,1,1
551,2,730,213,47,147,1,1,1
552,1,457,208,50,133,1,1,1
552,2,729,211,47,147,1,1,1
553,1,457,208,50,133,1,1,1
553,2,728,212,47,147,1,1,1
554,1,455,210,50,133,1,1,1
554,2,729,212,47,147,1,1,1
555,1,452,211,50,133,1,1,1
555,2,727,214,47,147,1,1,1
556,1,451,212,50,133,1,1,1
556,2,727,215,47,147,1,1,1
557,1,450,214,50,133,1,1,1
557,2,726,215,47,147,1,1,1
558,1,447,213,50,133,1,1,1
558,2,725,217,47,147,1,1,1
559,1,446,215,50,133,1,1,1
559,2,724,218,47,147,1,1,1
560,1,442,215,50,133,1,1,1
560,2,723,217,47,147,1,1,1
561,1,440,212,52,140,1,1,1
561,2,723,217,47,147,1,1,1
562,1,437,212,52,140,1,1,1
562,2,722,217,47,147,1,1,1
563,1,437,212,52,140,1,1,1
563,2,721,217,47,147,1,1,1
564,1,436,212,52,140,1,1,1
564,2,720,217,47,147,1,1,1
565,1,433,207,55,147,1,1,1
565,2,719,217,47,147,1,1,1
566,1,432,208,55,147,1,1,1
566,2,718,218,47,147,1,1,1
567,1,431,208,55,147,1,1,1
567,2,718,219,47,147,1,1,1
568,1,431,211,55,147,1,1,1
568,2,718,221,47,147,1,1,1
569,1,429,210,55,147,1,1,1
569,2,718,227,45,140,1,1,1
570,1,428,213,55,147,1,1,1
570,2,717,226,45,140,1,1,1
571,1,428,213,55,147,1,1,1
571,2,717,229,45,140,1,1,1
572,1,427,214,55,147,1,1,1
572,2,716,229,45,140,1,1,1
573,1,425,215,55,147,1,1,1
573,2,716,229,45,140,1,1,1
574,1,424,215,55,147,1,1,1
574,2,714,228,45,140,1,1,1
575,1,421,214,55,147,1,1,1
575,2,714,225,47,147,1,1,1
576,1,420,214,55,147,1,1,1
576,2,712,226,47,147,1,1,1
577,1,418,214,55,147,1,1,1
577,2,712,226,47,147,1,1,1
578,1,415,214,55,147,1,1,1
578,2,710,224,50,154,1,1,1
579,1,413,215,55,147,1,1,1
579,2,710,224,50,154,1,1,1
580,1,413,215,55,147,1,1,1
580,2,708,225,50,154,1,1,1
581,1,411,214,55,147,1,1,1
581,2,707,226,50,154,1,1,1
582,1,409,215,55,147,1,1,1
582,2,707,226,50,154,1,1,1
583,1,408,216,55,147,1,1,1
583,2,705,227,50,154,1,1,1
584,1,408,218,55,147,1,1,1
584,2,704,228,50,154,1,1,1
585,1,407,220,55,147,1,1,1
585,2,703,229,50,154,1,1,1
586,1,405,220,55,147,1,1,1
586,2,700,224,52,162,1,1,1
587,1,404,222,55,147,1,1,1
587,2,699,224,52,162,1,1,1
588,1,400,222,55,147,1,1,1
588,2,698,225,52,162,1,1,1
589,1,399,223,55,147,1,1,1
589,2,698,225,52,162,1,1,1
590,1,396,223,55,147,1,1,1
590,2,696,226,52,162,1,1,1
591,1,395,221,55,147,1,1,1
591,2,697,226,52,162,1,1,1
592,1,392,225,55,147,1,1,1
592,2,696,227,52,162,1,1,1
593,1,391,223,55,147,1,1,1
593,2,695,232,50,154,1,1,1
594,1,388,224,57,154,1,1,1
594,2,694,235,50,154,1,1,1
595,1,387,223,57,154,1,1,1
595,2,694,235,50,154,1,1,1
596,1,385,224,57,154,1,1,1
596,2,693,236,50,154,1,1,1
597,1,383,226,57,154,1,1,1
597,2,692,232,52,162,1,1,1
598,1,381,226,57,154,1,1,1
598,2,692,232,52,162,1,1,1
599,1,380,228,55,147,1,1,1
599,2,690,231,52,162,1,1,1
600,1,378,227,55,147,1,1,1
600,2,689,233,52,162,1,1,1
601,1,378,228,55,147,1,1,1
601,2,688,234,52,162,1,1,1
602,1,377,229,55,147,1,1,1
602,2,688,234,52,162,1,1,1
603,1,375,229,55,147,1,1,1
603,2,687,235,52,162,1,1,1
604,1,374,228,55,147,1,1,1
604,2,685,236,52,162,1,1,1
605,1,371,225,57,154,1,1,1
605,2,684,236,52,162,1,1,1
606,1,371,225,57,154,1,1,1
606,2,684,237,52,162,1,1,1
607,1,368,225,57,154,1,1,1
607,2,682,239,52,162,1,1,1
608,1,368,225,57,154,1,1,1
608,2,681,240,52,162,1,1,1
609,1,367,227,57,154,1,1,1
609,2,678,240,52,162,1,1,1
610,1,364,228,57,154,1,1,1
610,2,677,241,52,162,1,1,1
611,1,361,224,60,162,1,1,1
611,2,674,240,52,162,1,1,1
612,1,360,225,60,162,1,1,1
612,2,673,241,52,162,1,1,1
613,1,363,226,60,162,1,1,1
613,2,672,241,52,162,1,1,1
614,1,362,228,60,162,1,1,1
614,2,670,241,52,162,1,1,1
615,1,359,231,60,162,1,1,1
615,2,668,243,52,162,1,1,1
616,1,356,231,60,162,1,1,1
616,2,668,243,52,162,1,1,1
617,1,353,232,60,162,1,1,1
617,2,667,244,52,162,1,1,1
618,1,351,232,60,162,1,1,1
618,2,666,246,52,162,1,1,1
619,1,350,231,60,162,1,1,1
619,2,665,248,52,162,1,1,1
620,1,347,231,60,162,1,1,1
620,2,663,249,52,162,1,1,1
621,1,347,229,60,162,1,1,1
621,2,663,250,52,162,1,1,1
622,1,344,231,60,162,1,1,1
622,2,663,250,52,162,1,1,1
623,1,343,230,60,162,1,1,1
623,2,662,250,52,162,1,1,1
624,1,342,232,60,162,1,1,1
624,2,660,250,52,162,1,1,1
625,1,339,232,60,162,1,1,1
625,2,659,251,52,162,1,1,1
626,1,338,233,60,162,1,1,1
626,2,657,251,52,162,1,1,1
627,1,337,235,60,162,1,1,1
627,2,656,253,52,162,1,1,1
628,1,335,237,60,162,1,1,1
628,2,656,253,52,162,1,1,1
629,1,331,237,60,162,1,1,1
629,2,654,256,52,162,1,1,1
630,1,329,239,60,162,1,1,1
630,2,654,257,52,162,1,1,1
631,1,326,240,60,162,1,1,1
631,2,651,257,52,162,1,1,1
632,1,317,240,63,173,1,1,1
632,2,641,251,62,175,1,1,1
633,1,316,236,63,173,1,1,1
633,2,644,252,62,175,1,1,1
634,1,314,236,63,173,1,1,1
634,2,641,252,62,175,1,1,1
635,1,312,235,63,173,1,1,1
635,2,638,252,62,175,1,1,1
636,1,312,239,60,165,1,1,1
636,2,638,253,62,175,1,1,1
637,1,309,241,60,165,1,1,1
637,2,637,253,62,175,1,1,1
638,1,308,241,60,165,1,1,1
638,2,635,254,62,175,1,1,1
639,1,306,244,60,165,1,1,1
639,2,635,253,62,175,1,1,1
640,1,304,246,60,165,1,1,1
640,2,633,255,62,175,1,1,1
641,1,301,242,63,173,1,1,1
641,2,633,257,62,175,1,1,1
642,1,298,244,63,173,1,1,1
642,2,631,259,62,175,1,1,1
643,1,296,246,63,173,1,1,1
643,2,632,260,62,175,1,1,1
644,1,293,246,63,173,1,1,1
644,2,630,263,62,175,1,1,1
645,1,285,243,66,182,1,1,1
645,2,628,263,62,175,1,1,1
646,1,284,247,63,173,1,1,1
646,2,627,263,62,175,1,1,1
647,1,280,243,66,182,1,1,1
647,2,626,264,62,175,1,1,1
648,1,278,247,63,173,1,1,1
648,2,625,265,62,175,1,1,1
649,1,275,247,63,173,1,1,1
649,2,624,265,62,175,1,1,1
650,1,271,246,63,173,1,1,1
650,2,623,265,62,175,1,1,1
651,1,268,248,63,173,1,1,1
651,2,620,266,62,175,1,1,1
652,1,268,248,63,173,1,1,1
652,2,617,263,65,184,1,1,1
653,1,264,250,63,173,1,1,1
653,2,616,265,65,184,1,1,1
654,1,261,250,64,186,1,1,1
654,2,603,262,77,193,1,1,1
655,1,256,249,64,186,1,1,1
655,2,606,263,77,193,1,1,1
656,1,253,251,64,186,1,1,1
656,2,605,265,77,193,1,1,1
657,1,250,253,64,186,1,1,1
657,2,603,267,77,193,1,1,1
658,1,248,255,64,186,1,1,1
658,2,601,268,77,193,1,1,1
659,1,245,256,64,186,1,1,1
659,2,599,268,77,193,1,1,1
660,1,242,256,64,186,1,1,1
660,2,597,267,77,193,1,1,1
661,1,241,255,64,186,1,1,1
661,2,596,268,77,193,1,1,1
662,1,239,256,64,186,1,1,1
662,2,593,267,77,193,1,1,1
663,1,236,256,64,186,1,1,1
663,2,592,268,77,193,1,1,1
664,1,234,255,64,186,1,1,1
664,2,590,269,77,193,1,1,1
665,1,231,255,64,186,1,1,1
665,2,590,270,77,193,1,1,1
666,1,230,261,61,177,1,1,1
666,2,588,273,68,192,1,1,1
667,1,228,266,61,177,1,1,1
667,2,589,277,68,192,1,1,1
668,1,227,264,61,177,1,1,1
668,2,589,280,68,192,1,1,1
669,1,208,259,77,200,1,1,1
669,2,588,284,65,183,1,1,1
670,1,214,261,77,200,1,1,1
670,2,588,285,65,183,1,1,1
671,1,213,260,77,200,1,1,1
671,2,584,281,68,192,1,1,1
672,1,198,265,90,200,1,1,1
672,2,584,282,69,193,1,1,1
673,1,201,265,90,200,1,1,1
673,2,581,282,69,193,1,1,1
674,1,197,265,90,200,1,1,1
674,2,579,283,69,193,1,1,1
675,1,194,265,90,200,1,1,1
675,2,578,284,69,193,1,1,1
676,1,192,263,90,200,1,1,1
676,2,576,285,69,193,1,1,1
677,1,182,261,82,207,1,1,1
677,2,575,287,69,193,1,1,1
678,1,180,263,82,207,1,1,1
678,2,573,289,69,193,1,1,1
679,1,178,264,82,207,1,1,1
679,2,571,289,69,193,1,1,1
680,1,175,266,82,207,1,1,1
680,2,559,275,80,219,1,1,1
681,1,171,266,82,207,1,1,1
681,2,561,279,80,219,1,1,1
682,1,168,265,82,207,1,1,1
682,2,560,281,80,219,1,1,1
683,1,167,267,82,207,1,1,1
683,2,557,281,80,219,1,1,1
684,1,167,270,82,207,1,1,1
684,2,556,282,80,219,1,1,1
685,1,155,267,89,217,1,1,1
685,2,545,281,89,219,1,1,1
686,1,154,267,89,217,1,1,1
686,2,547,284,89,219,1,1,1
687,1,143,268,96,217,1,1,1
687,2,542,273,82,226,1,1,1
688,1,139,269,96,217,1,1,1
688,2,543,273,82,226,1,1,1
689,1,137,269,96,217,1,1,1
689,2,543,263,82,226,1,1,1
690,1,135,267,96,217,1,1,1
690,2,541,257,86,237,1,1,1
691,1,133,267,96,217,1,1,1
691,2,542,260,82,226,1,1,1
692,1,131,269,96,217,1,1,1
692,2,531,282,92,227,1,1,1
693,1,129,270,96,217,1,1,1
693,2,535,277,92,227,1,1,1
694,1,122,271,96,229,1,1,1
694,2,533,290,79,230,1,1,1
695,1,121,269,96,229,1,1,1
695,2,537,290,79,230,1,1,1
696,1,118,270,96,229,1,1,1
696,2,536,290,79,230,1,1,1
697,1,108,272,98,231,1,1,1
697,2,526,288,87,227,1,1,1
698,1,108,274,98,231,1,1,1
698,2,525,282,87,227,1,1,1
699,1,100,275,97,231,1,1,1
699,2,518,288,92,238,1,1,1
700,1,102,277,97,231,1,1,1
700,2,519,290,92,238,1,1,1
701,1,101,276,97,231,1,1,1
701,2,522,297,88,225,1,1,1
702,1,96,277,97,231,1,1,1
702,2,522,293,88,225,1,1,1
703,1,95,276,97,231,1,1,1
703,2,520,293,88,225,1,1,1
704,1,80,275,97,233,1,1,1
704,2,519,295,88,225,1,1,1
705,1,84,276,97,233,1,1,1
705,2,516,295,88,225,1,1,1
706,1,70,276,94,233,1,1,1
706,2,519,305,82,236,1,1,1
707,1,74,277,94,233,1,1,1
707,2,515,296,82,236,1,1,1
708,1,72,280,94,233,1,1,1
708,2,512,292,82,236,1,1,1
709,1,62,284,95,244,1,1,1
709,2,500,307,93,234,1,1,1
710,1,63,282,95,244,1,1,1
710,2,499,301,93,234,1,1,1
711,1,58,285,95,244,1,1,1
711,2,498,292,93,234,1,1,1
712,1,46,287,94,244,1,1,1
712,2,499,305,88,241,1,1,1
713,1,42,290,94,244,1,1,1
713,2,497,305,88,241,1,1,1
714,1,38,293,94,244,1,1,1
714,2,496,307,88,241,1,1,1
715,1,34,293,94,244,1,1,1
715,2,495,310,83,240,1,1,1
716,1,28,294,94,244,1,1,1
716,2,495,300,83,240,1,1,1
717,1,24,292,94,244,1,1,1
717,2,492,302,83,240,1,1,1
718,1,20,292,94,244,1,1,1
718,2,484,321,92,245,1,1,1
719,1,16,293,94,244,1,1,1
719,2,483,321,92,245,1,1,1
720,1,13,294,89,244,1,1,1
720,2,481,325,92,245,1,1,1
721,1,9,295,89,244,1,1,1
721,2,480,327,92,245,1,1,1
