1,1,295,189,35,83,1,1,1
1,3,367,183,36,93,1,1,1
2,1,295,189,35,83,1,1,1
2,3,367,183,36,93,1,1,1
3,1,295,190,35,83,1,1,1
3,3,368,183,36,93,1,1,1
4,1,295,189,35,83,1,1,1
4,3,368,183,36,93,1,1,1
5,1,296,189,35,83,1,1,1
5,3,368,183,36,93,1,1,1
6,1,296,190,35,83,1,1,1
6,3,368,183,36,93,1,1,1
7,1,296,189,35,83,1,1,1
7,3,368,183,36,93,1,1,1
8,1,296,189,35,83,1,1,1
8,3,368,183,36,93,1,1,1
9,1,296,189,35,83,1,1,1
9,3,368,183,36,93,1,1,1
10,1,296,187,34,84,1,1,1
10,3,369,183,36,93,1,1,1
11,1,296,187,34,84,1,1,1
11,3,370,184,36,92,1,1,1
12,1,296,187,34,84,1,1,1
12,3,370,185,35,92,1,1,1
13,1,296,187,34,84,1,1,1
13,3,370,184,36,92,1,1,1
14,1,296,187,34,84,1,1,1
14,3,371,185,35,91,1,1,1
15,1,297,187,34,84,1,1,1
15,3,371,185,36,92,1,1,1
16,1,297,187,34,85,1,1,1
16,3,372,186,36,93,1,1,1
17,1,297,187,34,84,1,1,1
17,3,373,187,36,93,1,1,1
18,1,297,187,34,84,1,1,1
18,3,373,186,36,94,1,1,1
19,1,297,187,34,84,1,1,1
19,3,374,187,36,94,1,1,1
20,1,297,188,34,84,1,1,1
20,3,371,186,36,92,1,1,1
21,1,297,187,34,84,1,1,1
21,3,373,186,37,94,1,1,1
22,1,298,188,34,83,1,1,1
22,3,374,186,36,93,1,1,1
23,1,297,187,34,84,1,1,1
23,3,374,186,37,95,1,1,1
24,1,298,188,35,78,1,1,1
24,3,376,185,38,99,1,1,1
25,1,298,188,35,78,1,1,1
25,3,375,185,37,95,1,1,1
26,1,298,188,35,78,1,1,1
26,3,374,185,37,96,1,1,1
27,1,299,188,35,78,1,1,1
27,3,375,185,37,95,1,1,1
28,1,298,188,35,78,1,1,1
28,3,375,185,40,95,1,1,1
29,1,299,188,35,78,1,1,1
29,3,375,185,40,95,1,1,1
30,1,299,188,35,78,1,1,1
30,3,375,185,40,95,1,1,1
31,1,299,188,35,79,1,1,1
31,3,375,185,40,95,1,1,1
32,1,299,189,36,84,1,1,1
32,3,375,185,40,95,1,1,1
33,1,299,189,36,84,1,1,1
33,3,376,185,40,95,1,1,1
34,1,299,189,36,84,1,1,1
34,3,376,185,40,95,1,1,1
35,1,299,189,36,85,1,1,1
35,3,377,186,40,94,1,1,1
36,1,299,189,36,84,1,1,1
36,3,377,186,40,95,1,1,1
37,1,300,188,36,85,1,1,1
37,3,377,187,39,93,1,1,1
38,1,299,188,37,85,1,1,1
38,3,377,187,39,94,1,1,1
39,1,300,188,37,86,1,1,1
39,3,378,187,40,94,1,1,1
40,1,300,188,37,86,1,1,1
40,3,378,187,39,94,1,1,1
41,1,300,188,36,85,1,1,1
41,3,378,187,39,94,1,1,1
42,1,300,189,36,84,1,1,1
42,3,378,187,40,94,1,1,1
43,1,300,189,36,85,1,1,1
43,3,379,188,39,94,1,1,1
44,1,300,188,36,85,1,1,1
44,3,378,187,40,96,1,1,1
45,1,301,189,36,85,1,1,1
45,3,380,188,40,94,1,1,1
46,1,301,189,36,84,1,1,1
46,3,380,189,39,93,1,1,1
47,1,303,189,36,85,1,1,1
47,3,381,188,40,94,1,1,1
48,1,302,194,34,79,1,1,1
48,3,381,188,39,94,1,1,1
49,1,304,189,36,85,1,1,1
49,3,381,189,40,94,1,1,1
50,1,304,191,35,83,1,1,1
50,3,381,188,40,94,1,1,1
51,1,301,189,36,84,1,1,1
51,3,381,187,41,97,1,1,1
52,1,304,191,36,83,1,1,1
52,3,382,188,40,94,1,1,1
53,1,303,192,35,82,1,1,1
53,3,382,188,40,96,1,1,1
54,1,305,195,34,79,1,1,1
54,3,382,187,41,98,1,1,1
55,1,307,191,36,84,1,1,1
55,3,382,186,41,98,1,1,1
56,1,301,189,36,84,1,1,1
56,3,382,187,41,96,1,1,1
57,1,306,193,36,83,1,1,1
57,3,382,186,41,98,1,1,1
58,1,306,193,36,83,1,1,1
58,3,383,187,41,97,1,1,1
59,1,307,193,36,83,1,1,1
59,3,384,187,41,97,1,1,1
60,1,307,190,37,86,1,1,1
60,3,384,188,40,94,1,1,1
61,1,307,190,37,86,1,1,1
61,3,385,189,40,94,1,1,1
62,1,307,190,37,86,1,1,1
62,3,386,189,40,96,1,1,1
63,1,307,190,37,86,1,1,1
63,3,386,189,40,96,1,1,1
64,1,307,191,37,86,1,1,1
64,3,386,189,40,96,1,1,1
65,1,308,190,37,86,1,1,1
65,3,387,189,40,96,1,1,1
66,1,308,190,37,86,1,1,1
66,3,387,189,40,95,1,1,1
67,1,308,191,37,86,1,1,1
67,3,387,190,40,95,1,1,1
68,1,308,191,37,86,1,1,1
68,3,387,190,40,95,1,1,1
69,1,309,192,36,85,1,1,1
69,3,388,190,40,95,1,1,1
70,1,309,192,36,85,1,1,1
70,3,388,190,40,95,1,1,1
71,1,309,192,36,85,1,1,1
71,3,388,190,40,95,1,1,1
72,1,309,193,36,85,1,1,1
72,3,388,190,40,95,1,1,1
73,1,310,193,35,84,1,1,1
73,3,389,190,40,96,1,1,1
74,1,310,193,36,84,1,1,1
74,3,389,190,40,95,1,1,1
75,1,309,193,36,84,1,1,1
75,3,389,190,40,95,1,1,1
76,1,309,193,36,84,1,1,1
76,3,389,190,40,96,1,1,1
77,1,310,193,35,84,1,1,1
77,3,389,189,41,97,1,1,1
78,1,310,193,35,84,1,1,1
78,3,389,190,41,96,1,1,1
79,1,310,193,36,84,1,1,1
79,3,389,189,41,97,1,1,1
80,1,310,193,36,84,1,1,1
80,3,395,191,36,95,1,1,1
81,1,310,193,36,84,1,1,1
81,3,395,191,36,95,1,1,1
82,1,310,194,35,84,1,1,1
82,3,395,191,36,95,1,1,1
83,1,310,194,35,84,1,1,1
83,3,395,191,36,95,1,1,1
84,1,310,193,36,85,1,1,1
84,3,395,191,36,95,1,1,1
85,1,310,193,36,85,1,1,1
85,3,396,191,36,95,1,1,1
86,1,310,193,36,84,1,1,1
86,3,396,191,36,95,1,1,1
87,1,310,193,36,85,1,1,1
87,3,396,191,36,95,1,1,1
88,1,310,193,36,96,1,1,1
88,3,396,191,36,95,1,1,1
89,1,310,193,36,96,1,1,1
89,3,396,192,36,94,1,1,1
90,1,310,193,36,96,1,1,1
90,3,397,192,36,94,1,1,1
91,1,310,193,36,96,1,1,1
91,3,397,192,36,94,1,1,1
92,1,310,193,36,91,1,1,1
92,3,397,192,36,94,1,1,1
93,1,310,193,36,91,1,1,1
93,3,397,193,35,93,1,1,1
94,1,310,193,36,91,1,1,1
94,3,397,193,35,93,1,1,1
95,1,310,193,36,91,1,1,1
95,3,398,193,35,93,1,1,1
96,1,310,194,36,91,1,1,1
96,3,398,193,35,93,1,1,1
97,1,311,194,36,102,1,1,1
97,3,402,203,32,83,1,1,1
98,1,311,194,36,102,1,1,1
98,3,402,203,32,83,1,1,1
99,1,311,194,36,102,1,1,1
99,3,402,203,32,83,1,1,1
100,1,311,194,36,102,1,1,1
100,3,402,203,32,83,1,1,1
101,1,312,195,36,101,1,1,1
101,3,403,204,32,83,1,1,1
102,1,312,195,36,102,1,1,1
102,3,403,204,32,83,1,1,1
103,1,312,195,36,101,1,1,1
103,3,403,203,32,83,1,1,1
104,1,312,195,36,101,1,1,1
104,3,403,203,32,83,1,1,1
105,1,312,195,36,102,1,1,1
105,3,404,203,32,83,1,1,1
106,1,312,195,36,101,1,1,1
106,3,404,203,32,83,1,1,1
107,1,313,195,37,104,1,1,1
107,3,404,203,32,83,1,1,1
108,1,313,194,37,104,1,1,1
108,3,404,203,32,84,1,1,1
109,1,313,195,37,104,1,1,1
109,3,404,203,32,84,1,1,1
110,1,313,195,36,103,1,1,1
110,3,404,203,32,84,1,1,1
111,1,314,195,36,103,1,1,1
111,3,405,203,32,84,1,1,1
112,1,314,195,36,103,1,1,1
112,3,404,202,33,84,1,1,1
113,1,315,196,35,100,1,1,1
113,3,404,202,33,86,1,1,1
114,1,314,196,35,101,1,1,1
114,3,404,202,33,86,1,1,1
115,1,316,197,35,99,1,1,1
115,3,405,202,33,86,1,1,1
116,1,315,196,36,103,1,1,1
116,3,405,202,33,86,1,1,1
117,1,317,198,35,98,1,1,1
117,3,405,202,33,85,1,1,1
118,1,316,197,36,101,1,1,1
118,3,405,202,33,85,1,1,1
119,1,316,197,36,101,1,1,1
119,3,406,203,33,85,1,1,1
120,1,317,199,35,100,1,1,1
120,3,405,203,42,92,1,1,1
121,1,318,200,35,99,1,1,1
121,3,406,204,42,92,1,1,1
122,1,317,200,35,99,1,1,1
122,3,412,204,36,92,1,1,1
123,1,318,200,34,98,1,1,1
123,3,413,205,36,91,1,1,1
124,1,318,200,34,99,1,1,1
124,3,413,205,36,91,1,1,1
125,1,318,201,34,98,1,1,1
125,3,413,205,35,90,1,1,1
126,1,318,200,34,99,1,1,1
126,3,413,205,35,90,1,1,1
127,1,318,200,35,99,1,1,1
127,3,415,205,36,91,1,1,1
128,1,319,201,34,98,1,1,1
128,3,415,206,36,92,1,1,1
129,1,317,202,37,84,1,1,1
129,3,416,206,36,92,1,1,1
130,1,317,202,37,84,1,1,1
130,3,416,205,36,93,1,1,1
131,1,317,202,37,84,1,1,1
131,3,416,206,35,91,1,1,1
132,1,317,202,37,84,1,1,1
132,3,416,206,36,93,1,1,1
133,1,318,202,37,85,1,1,1
133,3,417,206,37,94,1,1,1
134,1,318,201,40,95,1,1,1
134,3,416,207,35,90,1,1,1
135,1,322,201,36,96,1,1,1
135,3,420,206,36,91,1,1,1
136,1,322,201,36,96,1,1,1
136,3,418,206,37,94,1,1,1
137,1,323,201,36,96,1,1,1
137,3,418,206,36,93,1,1,1
138,1,322,201,36,96,1,1,1
138,3,419,206,36,93,1,1,1
139,1,323,201,36,96,1,1,1
139,3,419,207,36,92,1,1,1
140,1,323,201,36,96,1,1,1
140,3,419,207,36,92,1,1,1
141,1,323,201,36,96,1,1,1
141,3,420,208,36,91,1,1,1
142,1,323,202,36,96,1,1,1
142,3,420,207,36,91,1,1,1
143,1,324,202,36,95,1,1,1
143,3,421,208,35,91,1,1,1
144,1,324,202,36,95,1,1,1
144,3,421,208,36,91,1,1,1
145,1,325,203,36,95,1,1,1
145,3,422,209,35,90,1,1,1
146,1,325,203,35,94,1,1,1
146,3,422,210,35,89,1,1,1
147,1,326,204,35,95,1,1,1
147,3,423,210,35,89,1,1,1
148,1,327,204,36,95,1,1,1
148,3,422,210,35,89,1,1,1
149,1,327,204,36,96,1,1,1
149,3,423,211,42,88,1,1,1
150,1,327,204,35,94,1,1,1
150,3,423,211,42,88,1,1,1
151,1,328,204,36,96,1,1,1
151,3,424,211,40,90,1,1,1
152,1,328,204,36,96,1,1,1
152,3,424,211,40,90,1,1,1
153,1,329,204,36,96,1,1,1
153,3,425,211,40,90,1,1,1
154,1,329,204,36,96,1,1,1
154,3,425,211,40,90,1,1,1
155,1,330,204,36,97,1,1,1
155,3,426,211,40,90,1,1,1
156,1,330,204,36,96,1,1,1
156,3,426,211,40,90,1,1,1
157,1,331,204,36,96,1,1,1
157,3,428,211,40,91,1,1,1
158,1,330,204,36,96,1,1,1
158,3,428,212,40,90,1,1,1
159,1,331,204,36,97,1,1,1
159,3,429,211,41,92,1,1,1
160,1,331,203,36,97,1,1,1
160,3,429,211,38,91,1,1,1
161,1,332,204,36,96,1,1,1
161,3,430,211,38,91,1,1,1
162,1,334,205,35,94,1,1,1
162,3,430,211,38,91,1,1,1
163,1,333,205,36,95,1,1,1
163,3,431,210,38,92,1,1,1
164,1,334,205,36,95,1,1,1
164,3,431,211,38,91,1,1,1
165,1,334,205,36,96,1,1,1
165,3,432,210,38,92,1,1,1
166,1,337,205,37,98,1,1,1
166,3,432,210,38,91,1,1,1
167,1,338,205,36,97,1,1,1
167,3,433,210,38,91,1,1,1
168,1,338,205,36,97,1,1,1
168,3,432,210,38,91,1,1,1
169,1,338,206,36,97,1,1,1
169,3,433,211,38,90,1,1,1
170,1,338,206,36,97,1,1,1
170,3,433,210,38,91,1,1,1
171,1,339,207,36,95,1,1,1
171,3,434,211,37,90,1,1,1
172,1,339,207,36,95,1,1,1
172,3,434,211,37,90,1,1,1
173,1,339,208,35,94,1,1,1
173,3,439,213,37,89,1,1,1
174,1,339,208,35,95,1,1,1
174,3,439,213,37,89,1,1,1
175,1,340,209,35,93,1,1,1
175,3,440,214,37,88,1,1,1
176,1,340,208,35,93,1,1,1
176,3,440,214,37,88,1,1,1
177,1,340,208,37,97,1,1,1
177,3,441,215,36,87,1,1,1
178,1,341,209,35,93,1,1,1
178,3,441,215,36,87,1,1,1
179,1,341,208,36,97,1,1,1
179,3,442,216,36,86,1,1,1
180,1,341,208,37,97,1,1,1
180,3,442,216,36,86,1,1,1
181,1,339,207,37,99,1,1,1
181,3,443,217,36,86,1,1,1
182,1,339,207,37,99,1,1,1
182,3,443,218,35,85,1,1,1
183,1,339,207,37,99,1,1,1
183,3,446,218,35,85,1,1,1
184,1,339,207,37,100,1,1,1
184,3,446,218,35,85,1,1,1
185,1,340,207,37,100,1,1,1
185,3,448,218,37,93,1,1,1
186,1,340,207,37,99,1,1,1
186,3,448,218,37,93,1,1,1
187,1,340,206,37,100,1,1,1
187,3,449,218,37,93,1,1,1
188,1,340,206,37,100,1,1,1
188,3,449,218,37,93,1,1,1
189,1,340,207,37,99,1,1,1
189,3,450,218,37,93,1,1,1
190,1,341,207,37,100,1,1,1
190,3,449,218,37,93,1,1,1
191,1,341,207,37,99,1,1,1
191,3,450,218,37,93,1,1,1
192,1,341,207,37,99,1,1,1
192,3,450,219,37,93,1,1,1
193,1,342,208,37,98,1,1,1
193,3,450,218,37,93,1,1,1
194,1,342,213,37,99,1,1,1
194,3,452,218,37,92,1,1,1
195,1,343,214,37,99,1,1,1
195,3,451,218,37,94,1,1,1
196,1,343,214,37,98,1,1,1
196,3,453,218,37,94,1,1,1
197,1,343,215,36,97,1,1,1
197,3,452,217,38,94,1,1,1
198,1,343,215,36,98,1,1,1
198,3,453,216,39,98,1,1,1
199,1,344,216,36,96,1,1,1
199,3,453,217,39,97,1,1,1
200,1,344,216,36,96,1,1,1
200,3,454,218,38,95,1,1,1
201,1,345,216,36,97,1,1,1
201,3,455,218,38,95,1,1,1
202,1,344,216,37,100,1,1,1
202,3,455,218,38,95,1,1,1
203,1,346,217,36,97,1,1,1
203,3,456,219,38,95,1,1,1
204,1,346,217,36,97,1,1,1
204,3,456,219,38,95,1,1,1
205,1,346,216,38,101,1,1,1
205,3,456,219,37,94,1,1,1
206,1,347,217,36,96,1,1,1
206,3,456,219,37,94,1,1,1
207,1,346,215,38,102,1,1,1
207,3,457,220,37,94,1,1,1
208,1,347,215,37,100,1,1,1
208,3,457,220,37,94,1,1,1
209,1,349,215,38,103,1,1,1
209,3,458,220,37,94,1,1,1
210,1,349,215,38,102,1,1,1
210,3,458,220,37,94,1,1,1
211,1,349,215,38,102,1,1,1
211,3,459,221,37,94,1,1,1
212,1,349,215,38,102,1,1,1
212,3,459,221,37,94,1,1,1
213,1,351,218,36,96,1,1,1
213,3,460,221,37,94,1,1,1
214,1,351,216,38,101,1,1,1
214,3,460,221,37,94,1,1,1
215,1,350,217,37,98,1,1,1
215,3,461,220,38,95,1,1,1
216,1,351,218,36,95,1,1,1
216,3,461,220,38,95,1,1,1
217,1,352,217,38,100,1,1,1
217,3,466,220,38,97,1,1,1
218,1,352,217,38,101,1,1,1
218,3,466,220,38,97,1,1,1
219,1,352,217,37,100,1,1,1
219,3,467,219,38,98,1,1,1
220,1,352,217,37,100,1,1,1
220,3,467,219,38,98,1,1,1
221,1,353,218,37,100,1,1,1
221,3,467,218,39,99,1,1,1
222,1,353,218,37,100,1,1,1
222,3,467,218,39,99,1,1,1
223,1,354,218,37,99,1,1,1
223,3,468,217,40,101,1,1,1
224,1,353,218,37,99,1,1,1
224,3,468,216,40,101,1,1,1
225,1,354,219,37,99,1,1,1
225,3,468,216,40,102,1,1,1
226,1,354,219,37,100,1,1,1
226,3,468,216,40,101,1,1,1
227,1,354,219,37,99,1,1,1
227,3,469,216,39,101,1,1,1
228,1,354,219,37,99,1,1,1
228,3,469,216,39,101,1,1,1
229,1,355,219,37,99,1,1,1
229,3,470,216,39,101,1,1,1
230,1,355,219,37,99,1,1,1
230,3,470,216,39,101,1,1,1
231,1,355,219,37,99,1,1,1
231,3,471,218,39,99,1,1,1
232,1,355,219,37,99,1,1,1
232,3,471,218,39,99,1,1,1
233,1,355,219,37,100,1,1,1
233,3,472,218,38,98,1,1,1
234,1,355,219,37,100,1,1,1
234,3,472,218,38,98,1,1,1
235,1,356,219,37,100,1,1,1
235,3,473,218,38,98,1,1,1
236,1,356,219,37,100,1,1,1
236,3,476,217,38,98,1,1,1
237,1,356,219,37,100,1,1,1
237,3,477,218,38,97,1,1,1
238,1,356,219,37,100,1,1,1
238,3,477,218,38,98,1,1,1
239,1,356,219,37,101,1,1,1
239,3,478,218,38,98,1,1,1
240,1,357,219,37,101,1,1,1
240,3,478,218,38,98,1,1,1
241,1,357,218,38,103,1,1,1
241,3,479,218,38,98,1,1,1
242,1,357,219,37,101,1,1,1
242,3,479,218,38,98,1,1,1
243,1,358,220,37,100,1,1,1
243,3,480,219,38,98,1,1,1
244,1,358,220,37,99,1,1,1
244,3,480,219,38,98,1,1,1
245,1,359,221,37,99,1,1,1
245,3,481,219,38,99,1,1,1
246,1,358,221,37,99,1,1,1
246,3,481,219,38,98,1,1,1
247,1,359,222,36,98,1,1,1
247,3,482,220,38,98,1,1,1
248,1,360,222,37,100,1,1,1
248,3,482,219,39,100,1,1,1
249,1,361,222,38,102,1,1,1
249,3,482,219,39,99,1,1,1
250,1,361,222,37,100,1,1,1
250,3,483,219,39,100,1,1,1
251,1,361,223,36,97,1,1,1
251,3,485,218,39,101,1,1,1
252,1,362,222,38,102,1,1,1
252,3,485,218,39,101,1,1,1
253,1,361,223,36,97,1,1,1
253,3,485,217,39,102,1,1,1
254,1,361,223,36,97,1,1,1
254,3,486,217,39,102,1,1,1
255,1,362,223,36,97,1,1,1
255,3,487,217,39,102,1,1,1
256,1,362,223,36,97,1,1,1
256,3,487,217,39,104,1,1,1
257,1,363,223,36,97,1,1,1
257,3,488,217,39,104,1,1,1
258,1,363,223,36,97,1,1,1
258,3,488,217,39,104,1,1,1
259,1,363,223,36,97,1,1,1
259,3,488,218,39,104,1,1,1
260,1,363,223,36,97,1,1,1
260,3,493,216,42,106,1,1,1
261,1,363,223,36,97,1,1,1
261,3,494,217,42,106,1,1,1
262,1,363,223,36,97,1,1,1
262,3,494,217,42,106,1,1,1
263,1,364,223,36,97,1,1,1
263,3,495,218,41,104,1,1,1
264,1,369,222,36,103,1,1,1
264,3,491,217,42,105,1,1,1
265,1,370,222,36,103,1,1,1
265,3,492,218,42,105,1,1,1
266,1,369,222,36,103,1,1,1
266,3,492,218,42,105,1,1,1
267,1,370,223,36,102,1,1,1
267,3,493,218,42,104,1,1,1
268,1,370,223,36,102,1,1,1
268,3,493,219,42,104,1,1,1
269,1,370,224,35,101,1,1,1
269,3,495,220,41,104,1,1,1
270,1,371,224,35,100,1,1,1
270,3,495,219,41,103,1,1,1
271,1,372,225,35,99,1,1,1
271,3,496,220,42,104,1,1,1
272,1,371,225,35,100,1,1,1
272,3,496,220,41,103,1,1,1
273,1,372,227,34,98,1,1,1
273,3,497,220,42,104,1,1,1
274,1,371,225,36,104,1,1,1
274,3,497,220,43,110,1,1,1
275,1,374,228,34,99,1,1,1
275,3,498,220,43,111,1,1,1
276,1,373,228,34,97,1,1,1
276,3,498,220,43,110,1,1,1
277,1,373,228,34,97,1,1,1
277,3,498,220,43,110,1,1,1
278,1,373,228,34,98,1,1,1
278,3,498,220,43,111,1,1,1
279,1,374,227,34,99,1,1,1
279,3,499,219,43,110,1,1,1
280,1,374,227,34,98,1,1,1
280,3,501,219,44,113,1,1,1
281,1,373,226,36,104,1,1,1
281,3,500,217,43,113,1,1,1
282,1,374,226,35,100,1,1,1
282,3,500,217,43,113,1,1,1
283,1,373,223,39,114,1,1,1
283,3,500,216,43,113,1,1,1
284,1,373,223,39,114,1,1,1
284,3,502,214,44,117,1,1,1
285,1,373,223,39,114,1,1,1
285,3,501,215,43,114,1,1,1
286,1,373,223,39,114,1,1,1
286,3,503,210,44,123,1,1,1
287,1,374,223,39,114,1,1,1
287,3,504,213,44,120,1,1,1
288,1,374,223,39,114,1,1,1
288,3,504,211,44,122,1,1,1
289,1,375,223,39,114,1,1,1
289,3,504,211,44,122,1,1,1
290,1,375,223,39,114,1,1,1
290,3,504,211,44,122,1,1,1
291,1,375,224,39,113,1,1,1
291,3,505,211,43,122,1,1,1
292,1,376,224,39,114,1,1,1
292,3,505,208,43,125,1,1,1
293,1,377,225,38,112,1,1,1
293,3,506,211,43,127,1,1,1
294,1,376,225,38,112,1,1,1
294,3,506,211,43,127,1,1,1
295,1,376,226,38,112,1,1,1
295,3,507,212,43,126,1,1,1
296,1,377,226,39,114,1,1,1
296,3,507,212,43,126,1,1,1
297,1,377,227,38,111,1,1,1
297,3,508,213,43,126,1,1,1
298,1,377,227,38,111,1,1,1
298,3,508,213,43,126,1,1,1
299,1,378,227,39,115,1,1,1
299,3,508,214,42,125,1,1,1
300,1,379,227,40,116,1,1,1
300,3,509,213,43,126,1,1,1
301,1,380,228,40,116,1,1,1
301,3,510,214,42,125,1,1,1
302,1,380,228,40,120,1,1,1
302,3,509,214,42,124,1,1,1
303,1,381,228,40,120,1,1,1
303,3,510,214,42,124,1,1,1
304,1,381,228,40,120,1,1,1
304,3,510,214,42,124,1,1,1
305,1,381,228,40,120,1,1,1
305,3,510,214,42,125,1,1,1
306,1,381,228,40,120,1,1,1
306,3,511,214,42,124,1,1,1
307,1,382,228,40,120,1,1,1
307,3,511,214,42,125,1,1,1
308,1,382,228,40,119,1,1,1
308,3,511,214,42,125,1,1,1
309,1,383,228,40,119,1,1,1
309,3,511,214,42,124,1,1,1
310,1,382,228,40,120,1,1,1
310,3,511,215,42,124,1,1,1
311,1,383,229,40,119,1,1,1
311,3,512,216,41,122,1,1,1
312,1,383,229,40,119,1,1,1
312,3,512,214,42,125,1,1,1
313,1,384,229,39,118,1,1,1
313,3,512,216,42,123,1,1,1
314,1,385,229,39,118,1,1,1
314,3,512,216,42,123,1,1,1
315,1,385,230,39,117,1,1,1
315,3,513,217,42,123,1,1,1
316,1,386,230,39,118,1,1,1
316,3,514,217,41,122,1,1,1
317,1,385,231,38,115,1,1,1
317,3,513,218,41,121,1,1,1
318,1,385,231,39,116,1,1,1
318,3,518,216,44,129,1,1,1
319,1,386,232,38,115,1,1,1
319,3,515,219,41,121,1,1,1
320,1,386,232,39,116,1,1,1
320,3,519,218,42,125,1,1,1
321,1,386,233,38,114,1,1,1
321,3,516,221,41,120,1,1,1
322,1,386,233,38,115,1,1,1
322,3,515,220,41,120,1,1,1
323,1,387,234,38,113,1,1,1
323,3,516,221,40,119,1,1,1
324,1,387,234,38,113,1,1,1
324,3,520,229,40,124,1,1,1
325,1,388,235,38,113,1,1,1
325,3,521,229,40,124,1,1,1
326,1,388,235,38,113,1,1,1
326,3,521,229,40,124,1,1,1
327,1,389,236,39,118,1,1,1
327,3,522,230,40,123,1,1,1
328,1,387,240,41,114,1,1,1
328,3,522,230,40,124,1,1,1
329,1,387,237,42,118,1,1,1
329,3,522,230,40,123,1,1,1
330,1,386,236,44,120,1,1,1
330,3,522,230,40,123,1,1,1
331,1,387,235,43,114,1,1,1
331,3,523,230,40,123,1,1,1
332,1,388,236,42,113,1,1,1
332,3,523,229,40,124,1,1,1
333,1,385,237,46,120,1,1,1
333,3,523,229,40,124,1,1,1
334,1,387,236,44,121,1,1,1
334,3,523,229,40,124,1,1,1
335,1,390,236,42,121,1,1,1
335,3,524,229,40,125,1,1,1
336,1,391,233,41,124,1,1,1
336,3,523,228,40,125,1,1,1
337,1,391,233,41,124,1,1,1
337,3,524,229,40,125,1,1,1
338,1,390,234,41,123,1,1,1
338,3,524,229,40,124,1,1,1
339,1,392,236,41,121,1,1,1
339,3,524,229,40,123,1,1,1
340,1,393,238,40,119,1,1,1
340,3,525,230,39,122,1,1,1
341,1,393,238,42,119,1,1,1
341,3,527,230,40,124,1,1,1
342,1,393,238,41,120,1,1,1
342,3,527,230,40,124,1,1,1
343,1,395,238,41,122,1,1,1
343,3,527,231,40,123,1,1,1
344,1,394,239,42,122,1,1,1
344,3,527,231,40,123,1,1,1
345,1,394,239,44,124,1,1,1
345,3,528,232,39,122,1,1,1
346,1,396,239,42,124,1,1,1
346,3,528,232,39,122,1,1,1
347,1,396,238,42,126,1,1,1
347,3,529,233,39,122,1,1,1
348,1,397,241,41,124,1,1,1
348,3,529,233,39,122,1,1,1
349,1,396,241,43,124,1,1,1
349,3,529,229,43,126,1,1,1
350,1,396,243,42,121,1,1,1
350,3,529,229,43,126,1,1,1
351,1,398,244,42,121,1,1,1
351,3,530,230,43,125,1,1,1
352,1,397,244,43,121,1,1,1
352,3,530,230,43,125,1,1,1
353,1,399,242,43,123,1,1,1
353,3,531,230,43,125,1,1,1
354,1,398,241,43,124,1,1,1
354,3,531,230,43,127,1,1,1
355,1,399,240,43,126,1,1,1
355,3,531,230,43,126,1,1,1
356,1,399,243,43,122,1,1,1
356,3,532,230,43,127,1,1,1
357,1,401,245,42,121,1,1,1
357,3,532,230,43,136,1,1,1
358,1,401,245,42,121,1,1,1
358,3,532,230,43,136,1,1,1
359,1,401,245,42,121,1,1,1
359,3,533,230,43,137,1,1,1
360,1,402,245,42,121,1,1,1
360,3,533,230,43,137,1,1,1
361,1,402,245,42,120,1,1,1
361,3,533,229,44,138,1,1,1
362,1,402,246,42,120,1,1,1
362,3,534,229,43,137,1,1,1
363,1,403,246,41,119,1,1,1
363,3,534,230,43,137,1,1,1
364,1,402,246,41,119,1,1,1
364,3,534,229,43,137,1,1,1
365,1,404,247,41,118,1,1,1
365,3,534,230,43,136,1,1,1
366,1,403,247,41,118,1,1,1
366,3,534,230,43,137,1,1,1
367,1,404,248,41,119,1,1,1
367,3,536,231,52,143,1,1,1
368,1,404,248,41,118,1,1,1
368,3,536,231,52,143,1,1,1
369,1,405,250,40,116,1,1,1
369,3,537,232,52,142,1,1,1
370,1,405,250,40,116,1,1,1
370,3,537,232,52,142,1,1,1
371,1,406,251,40,115,1,1,1
371,3,538,233,52,142,1,1,1
372,1,406,250,40,115,1,1,1
372,3,538,233,51,141,1,1,1
373,1,406,251,40,114,1,1,1
373,3,539,234,51,141,1,1,1
374,1,407,251,40,115,1,1,1
374,3,539,234,51,141,1,1,1
375,1,407,251,40,115,1,1,1
375,3,540,235,51,141,1,1,1
376,1,405,245,42,126,1,1,1
376,3,540,234,52,142,1,1,1
377,1,405,245,42,126,1,1,1
377,3,541,235,51,140,1,1,1
378,1,405,245,42,126,1,1,1
378,3,541,235,51,140,1,1,1
379,1,406,245,42,127,1,1,1
379,3,542,236,51,141,1,1,1
380,1,406,245,42,126,1,1,1
380,3,542,235,53,146,1,1,1
381,1,406,245,42,126,1,1,1
381,3,544,234,54,148,1,1,1
382,1,406,245,42,126,1,1,1
382,3,545,235,52,143,1,1,1
383,1,407,245,42,126,1,1,1
383,3,546,235,52,143,1,1,1
384,1,407,245,42,127,1,1,1
384,3,546,235,53,146,1,1,1
385,1,407,245,42,126,1,1,1
385,3,547,235,53,145,1,1,1
386,1,407,245,42,126,1,1,1
386,3,547,235,53,145,1,1,1
387,1,408,246,42,126,1,1,1
387,3,549,235,53,147,1,1,1
388,1,408,245,42,126,1,1,1
388,3,549,235,52,144,1,1,1
389,1,409,247,42,125,1,1,1
389,3,551,235,54,147,1,1,1
390,1,409,247,42,125,1,1,1
390,3,551,235,54,147,1,1,1
391,1,411,248,41,124,1,1,1
391,3,552,235,53,147,1,1,1
392,1,410,248,41,124,1,1,1
392,3,552,235,54,148,1,1,1
393,1,411,249,41,123,1,1,1
393,3,553,235,54,148,1,1,1
394,1,411,249,41,124,1,1,1
394,3,553,235,54,148,1,1,1
395,1,412,250,41,123,1,1,1
395,3,554,236,53,147,1,1,1
396,1,412,250,41,122,1,1,1
396,3,554,236,53,147,1,1,1
397,1,416,250,43,129,1,1,1
397,3,556,237,53,145,1,1,1
398,1,416,250,43,130,1,1,1
398,3,556,237,53,145,1,1,1
399,1,417,251,43,130,1,1,1
399,3,557,238,53,145,1,1,1
400,1,418,250,44,131,1,1,1
400,3,557,238,53,145,1,1,1
401,1,419,250,44,133,1,1,1
401,3,558,240,52,143,1,1,1
402,1,419,251,44,132,1,1,1
402,3,558,240,52,143,1,1,1
403,1,421,250,43,128,1,1,1
403,3,559,241,52,142,1,1,1
404,1,421,250,43,128,1,1,1
404,3,559,241,52,142,1,1,1
405,1,424,250,44,131,1,1,1
405,3,560,242,51,141,1,1,1
406,1,422,250,44,131,1,1,1
406,3,560,242,51,141,1,1,1
407,1,424,250,44,131,1,1,1
407,3,561,242,51,141,1,1,1
408,1,425,250,44,131,1,1,1
408,3,561,242,51,141,1,1,1
409,1,426,250,44,131,1,1,1
409,3,562,243,51,140,1,1,1
410,1,426,250,44,131,1,1,1
410,3,562,243,51,140,1,1,1
411,1,427,251,43,130,1,1,1
411,3,562,243,51,140,1,1,1
412,1,427,251,43,129,1,1,1
412,3,562,243,51,140,1,1,1
413,1,428,252,43,129,1,1,1
413,3,563,242,51,141,1,1,1
414,1,428,252,43,129,1,1,1
414,3,563,242,51,141,1,1,1
415,1,429,252,43,129,1,1,1
415,3,564,242,51,141,1,1,1
416,1,429,252,43,130,1,1,1
416,3,564,242,51,141,1,1,1
417,1,430,253,43,130,1,1,1
417,3,571,242,55,152,1,1,1
418,1,430,253,44,131,1,1,1
418,3,571,243,54,149,1,1,1
419,1,431,254,43,130,1,1,1
419,3,572,243,55,150,1,1,1
420,1,431,254,43,130,1,1,1
420,3,571,242,56,153,1,1,1
421,1,432,255,43,129,1,1,1
421,3,573,242,56,153,1,1,1
422,1,432,255,43,129,1,1,1
422,3,573,242,56,153,1,1,1
423,1,433,256,43,129,1,1,1
423,3,575,244,55,152,1,1,1
424,1,433,256,43,129,1,1,1
424,3,575,244,55,151,1,1,1
425,1,434,256,43,129,1,1,1
425,3,576,244,55,152,1,1,1
426,1,434,256,43,129,1,1,1
426,3,576,245,55,150,1,1,1
427,1,435,256,43,130,1,1,1
427,3,577,246,54,149,1,1,1
428,1,435,256,43,129,1,1,1
428,3,577,246,54,149,1,1,1
429,1,436,256,43,130,1,1,1
429,3,578,248,54,148,1,1,1
430,1,436,256,43,130,1,1,1
430,3,578,248,54,148,1,1,1
431,1,437,255,44,131,1,1,1
431,3,580,249,54,147,1,1,1
432,1,437,255,44,131,1,1,1
432,3,580,249,54,147,1,1,1
433,1,438,255,44,132,1,1,1
433,3,581,249,54,148,1,1,1
434,1,438,255,44,132,1,1,1
434,3,581,249,54,148,1,1,1
435,1,439,255,44,132,1,1,1
435,3,583,250,54,148,1,1,1
436,1,439,255,44,132,1,1,1
436,3,583,250,54,148,1,1,1
437,1,440,256,44,132,1,1,1
437,3,584,250,54,148,1,1,1
438,1,440,256,44,132,1,1,1
438,3,584,250,54,148,1,1,1
439,1,441,257,44,132,1,1,1
439,3,586,250,54,148,1,1,1
440,1,441,257,44,132,1,1,1
440,3,586,250,54,148,1,1,1
441,1,442,258,43,130,1,1,1
441,3,587,249,54,149,1,1,1
442,1,442,258,43,130,1,1,1
442,3,587,250,54,149,1,1,1
443,1,444,260,43,129,1,1,1
443,3,589,248,55,152,1,1,1
444,1,444,260,43,129,1,1,1
444,3,589,249,55,152,1,1,1
445,1,446,261,42,127,1,1,1
445,3,590,249,55,151,1,1,1
446,1,445,262,51,133,1,1,1
446,3,590,249,55,151,1,1,1
447,1,446,263,51,133,1,1,1
447,3,591,249,55,151,1,1,1
448,1,446,263,51,133,1,1,1
448,3,591,249,55,151,1,1,1
449,1,448,264,51,132,1,1,1
449,3,592,250,55,150,1,1,1
450,1,448,263,51,133,1,1,1
450,3,592,250,55,150,1,1,1
451,1,450,263,51,134,1,1,1
451,3,594,251,55,151,1,1,1
452,1,451,263,51,134,1,1,1
452,3,594,251,55,151,1,1,1
453,1,452,262,53,138,1,1,1
453,3,596,253,54,149,1,1,1
454,1,452,263,52,137,1,1,1
454,3,596,253,54,149,1,1,1
455,1,456,265,50,131,1,1,1
455,3,598,255,53,147,1,1,1
456,1,456,265,50,131,1,1,1
456,3,598,255,53,147,1,1,1
457,1,457,265,50,131,1,1,1
457,3,600,256,53,147,1,1,1
458,1,457,265,50,131,1,1,1
458,3,600,256,53,147,1,1,1
459,1,458,265,50,130,1,1,1
459,3,601,257,53,147,1,1,1
460,1,458,265,50,130,1,1,1
460,3,601,257,53,147,1,1,1
461,1,459,266,50,129,1,1,1
461,3,603,257,54,149,1,1,1
462,1,459,266,50,129,1,1,1
462,3,603,257,54,149,1,1,1
463,1,461,267,49,128,1,1,1
463,3,604,256,54,150,1,1,1
464,1,461,265,52,135,1,1,1
464,3,604,256,54,150,1,1,1
465,1,463,267,51,133,1,1,1
465,3,605,257,54,149,1,1,1
466,1,463,267,51,133,1,1,1
466,3,605,257,54,149,1,1,1
467,1,465,269,50,130,1,1,1
467,3,606,258,54,148,1,1,1
468,1,465,269,50,130,1,1,1
468,3,606,258,54,148,1,1,1
469,1,467,270,50,129,1,1,1
469,3,608,257,54,149,1,1,1
470,1,467,270,50,136,1,1,1
470,3,608,257,54,149,1,1,1
471,1,469,271,50,136,1,1,1
471,3,609,258,54,148,1,1,1
472,1,469,271,50,135,1,1,1
472,3,609,258,54,148,1,1,1
473,1,471,272,50,137,1,1,1
473,3,610,259,53,146,1,1,1
474,1,470,272,50,136,1,1,1
474,3,619,273,49,144,1,1,1
475,1,472,272,50,137,1,1,1
475,3,620,275,48,142,1,1,1
476,1,472,271,51,138,1,1,1
476,3,620,275,48,142,1,1,1
477,1,474,276,50,139,1,1,1
477,3,622,276,48,142,1,1,1
478,1,474,276,50,139,1,1,1
478,3,622,276,48,141,1,1,1
479,1,475,276,50,140,1,1,1
479,3,620,278,57,142,1,1,1
480,1,475,276,50,140,1,1,1
480,3,620,278,57,142,1,1,1
481,1,477,275,52,143,1,1,1
481,3,622,280,56,140,1,1,1
482,1,477,275,51,143,1,1,1
482,3,621,280,56,141,1,1,1
483,1,477,276,50,140,1,1,1
483,3,622,280,56,140,1,1,1
484,1,479,275,52,144,1,1,1
484,3,622,280,56,141,1,1,1
485,1,480,276,51,142,1,1,1
485,3,623,281,56,140,1,1,1
486,1,480,276,51,141,1,1,1
486,3,623,281,56,140,1,1,1
487,1,481,277,51,141,1,1,1
487,3,624,281,56,141,1,1,1
488,1,482,277,51,143,1,1,1
488,3,624,281,56,141,1,1,1
489,1,484,279,51,142,1,1,1
489,3,625,281,57,141,1,1,1
490,1,484,279,51,142,1,1,1
490,3,625,280,57,141,1,1,1
491,1,486,279,52,144,1,1,1
491,3,628,285,60,136,1,1,1
492,1,486,279,52,144,1,1,1
492,3,628,285,60,136,1,1,1
493,1,488,281,51,142,1,1,1
493,3,629,284,60,137,1,1,1
494,1,488,281,51,142,1,1,1
494,3,629,284,60,137,1,1,1
495,1,489,283,51,141,1,1,1
495,3,630,284,61,139,1,1,1
496,1,489,283,51,141,1,1,1
496,3,630,283,62,140,1,1,1
497,1,492,283,51,142,1,1,1
497,3,631,283,61,139,1,1,1
498,1,492,283,51,142,1,1,1
498,3,631,283,62,139,1,1,1
499,1,497,284,52,143,1,1,1
499,3,631,282,62,141,1,1,1
500,1,496,284,52,145,1,1,1
500,3,631,282,62,140,1,1,1
501,1,498,283,53,147,1,1,1
501,3,632,282,62,140,1,1,1
502,1,498,283,53,147,1,1,1
502,3,632,282,62,140,1,1,1
503,1,500,282,54,149,1,1,1
503,3,633,283,61,139,1,1,1
504,1,501,283,54,149,1,1,1
504,3,636,283,66,145,1,1,1
505,1,503,283,53,148,1,1,1
505,3,635,284,71,139,1,1,1
506,1,503,283,53,148,1,1,1
506,3,635,284,68,140,1,1,1
507,1,505,283,53,148,1,1,1
507,3,636,286,67,139,1,1,1
508,1,502,284,56,147,1,1,1
508,3,638,288,68,142,1,1,1
509,1,504,284,57,149,1,1,1
509,3,638,289,68,141,1,1,1
510,1,503,285,56,146,1,1,1
510,3,637,294,68,140,1,1,1
511,1,506,286,56,146,1,1,1
511,3,638,295,67,142,1,1,1
512,1,504,286,55,145,1,1,1
512,3,640,294,66,140,1,1,1
513,1,506,286,56,147,1,1,1
513,3,645,297,65,138,1,1,1
514,1,506,287,56,147,1,1,1
514,3,639,295,65,138,1,1,1
515,1,508,288,56,147,1,1,1
515,3,649,297,58,137,1,1,1
516,1,507,289,54,143,1,1,1
516,3,650,297,57,136,1,1,1
517,1,508,290,54,143,1,1,1
517,3,653,297,52,136,1,1,1
518,1,508,290,54,143,1,1,1
518,3,651,298,54,134,1,1,1
519,1,509,291,54,144,1,1,1
519,3,651,298,55,136,1,1,1
520,1,509,291,54,144,1,1,1
520,3,651,298,55,136,1,1,1
521,1,510,292,54,156,1,1,1
521,3,652,298,67,136,1,1,1
522,1,510,292,54,150,1,1,1
522,3,652,298,67,136,1,1,1
523,1,511,293,54,148,1,1,1
523,3,653,298,69,136,1,1,1
524,1,511,293,54,148,1,1,1
524,3,653,298,70,136,1,1,1
525,1,512,293,54,157,1,1,1
525,3,654,297,71,137,1,1,1
526,1,512,293,54,151,1,1,1
526,3,654,297,70,137,1,1,1
527,1,512,293,55,151,1,1,1
527,3,655,297,71,137,1,1,1
528,1,512,293,55,151,1,1,1
528,3,655,297,71,137,1,1,1
529,1,513,293,55,151,1,1,1
529,3,656,297,71,137,1,1,1
530,1,513,293,55,151,1,1,1
530,3,656,297,71,138,1,1,1
531,1,513,294,55,151,1,1,1
531,3,657,297,71,137,1,1,1
532,1,514,293,55,151,1,1,1
532,3,657,298,71,137,1,1,1
533,1,514,294,55,150,1,1,1
533,3,658,299,71,136,1,1,1
534,1,514,294,55,150,1,1,1
534,3,659,299,71,136,1,1,1
535,1,515,295,54,149,1,1,1
535,3,660,300,70,135,1,1,1
536,1,516,294,56,153,1,1,1
536,3,661,300,80,140,1,1,1
537,1,519,295,56,153,1,1,1
537,3,663,301,80,140,1,1,1
538,1,516,296,54,149,1,1,1
538,3,663,301,80,139,1,1,1
539,1,519,296,56,154,1,1,1
539,3,665,302,79,138,1,1,1
540,1,518,297,54,148,1,1,1
540,3,665,301,80,139,1,1,1
541,1,519,298,53,147,1,1,1
541,3,666,301,81,141,1,1,1
542,1,522,298,56,154,1,1,1
542,3,666,302,80,140,1,1,1
543,1,524,299,56,155,1,1,1
543,3,669,304,78,137,1,1,1
544,1,523,298,57,157,1,1,1
544,3,669,303,79,138,1,1,1
545,1,525,300,57,156,1,1,1
545,3,670,303,79,138,1,1,1
546,1,525,300,57,158,1,1,1
546,3,670,303,79,138,1,1,1
547,1,527,301,57,157,1,1,1
547,3,671,303,79,138,1,1,1
548,1,527,301,57,156,1,1,1
548,3,671,303,79,138,1,1,1
549,1,529,301,58,158,1,1,1
549,3,672,303,79,138,1,1,1
550,1,529,301,58,158,1,1,1
550,3,672,303,79,138,1,1,1
551,1,531,301,58,160,1,1,1
551,3,674,304,79,138,1,1,1
552,1,531,301,58,160,1,1,1
552,3,674,304,79,138,1,1,1
553,1,532,302,58,160,1,1,1
553,3,675,304,79,138,1,1,1
554,1,532,302,58,160,1,1,1
554,3,675,304,79,138,1,1,1
555,1,533,302,58,160,1,1,1
555,3,676,304,78,137,1,1,1
556,1,533,302,58,159,1,1,1
556,3,676,304,78,137,1,1,1
557,1,535,303,58,159,1,1,1
557,3,677,304,78,137,1,1,1
558,1,535,303,58,159,1,1,1
558,3,677,304,78,137,1,1,1
559,1,536,303,58,158,1,1,1
559,3,678,305,78,136,1,1,1
560,1,536,303,58,158,1,1,1
560,3,678,305,78,136,1,1,1
561,1,538,305,58,158,1,1,1
561,3,680,306,78,136,1,1,1
562,1,538,305,58,158,1,1,1
562,3,680,306,78,136,1,1,1
563,1,540,306,58,158,1,1,1
563,3,691,307,67,150,1,1,1
564,1,539,305,58,159,1,1,1
564,3,691,307,67,150,1,1,1
565,1,541,306,59,161,1,1,1
565,3,692,308,67,150,1,1,1
566,1,541,306,59,161,1,1,1
566,3,692,308,67,150,1,1,1
567,1,542,308,59,162,1,1,1
567,3,693,309,66,148,1,1,1
568,1,542,307,59,162,1,1,1
568,3,694,309,67,149,1,1,1
569,1,543,310,58,161,1,1,1
569,3,694,310,66,148,1,1,1
570,1,543,310,58,161,1,1,1
570,3,694,309,67,149,1,1,1
571,1,545,311,58,160,1,1,1
571,3,692,308,67,149,1,1,1
572,1,545,311,58,160,1,1,1
572,3,693,308,67,149,1,1,1
573,1,545,311,58,160,1,1,1
573,3,694,308,67,149,1,1,1
574,1,545,312,58,160,1,1,1
574,3,694,308,67,149,1,1,1
575,1,546,313,58,160,1,1,1
575,3,703,304,67,160,1,1,1
576,1,546,313,58,160,1,1,1
576,3,703,304,67,160,1,1,1
577,1,547,313,58,160,1,1,1
577,3,704,304,70,160,1,1,1
578,1,547,313,58,160,1,1,1
578,3,704,304,70,160,1,1,1
579,1,547,313,58,160,1,1,1
579,3,705,304,70,160,1,1,1
580,1,548,313,58,160,1,1,1
580,3,706,305,70,159,1,1,1
581,1,550,312,61,168,1,1,1
581,3,707,305,70,159,1,1,1
582,1,550,312,61,168,1,1,1
582,3,707,306,69,159,1,1,1
583,1,549,314,58,161,1,1,1
583,3,715,307,69,157,1,1,1
584,1,549,314,58,161,1,1,1
584,3,715,307,69,157,1,1,1
585,1,551,315,58,160,1,1,1
585,3,717,307,70,159,1,1,1
586,1,551,315,58,160,1,1,1
586,3,717,307,69,157,1,1,1
587,1,552,316,58,159,1,1,1
587,3,718,307,69,157,1,1,1
588,1,552,316,59,161,1,1,1
588,3,721,309,68,155,1,1,1
589,1,553,319,57,158,1,1,1
589,3,723,311,68,154,1,1,1
590,1,554,318,59,163,1,1,1
590,3,723,311,67,154,1,1,1
591,1,555,320,57,157,1,1,1
591,3,726,313,67,152,1,1,1
592,1,556,319,72,165,1,1,1
592,3,729,313,73,159,1,1,1
593,1,558,321,71,163,1,1,1
593,3,731,315,72,157,1,1,1
594,1,558,321,71,164,1,1,1
594,3,732,315,74,158,1,1,1
595,1,559,323,71,163,1,1,1
595,3,734,316,74,157,1,1,1
596,1,560,322,73,166,1,1,1
596,3,735,317,73,156,1,1,1
597,1,562,324,70,161,1,1,1
597,3,739,319,73,157,1,1,1
598,1,562,324,70,160,1,1,1
598,3,739,319,73,157,1,1,1
599,1,563,325,70,160,1,1,1
599,3,742,321,73,155,1,1,1
600,1,563,325,70,160,1,1,1
600,3,742,321,73,155,1,1,1
601,1,565,325,69,159,1,1,1
601,3,745,322,72,154,1,1,1
602,1,565,325,70,164,1,1,1
602,3,745,322,72,154,1,1,1
603,1,566,325,70,164,1,1,1
603,3,748,323,72,153,1,1,1
604,1,566,325,70,164,1,1,1
604,3,748,323,72,153,1,1,1
605,1,568,326,69,163,1,1,1
605,3,754,322,73,155,1,1,1
606,1,568,326,69,163,1,1,1
606,3,754,322,73,155,1,1,1
607,1,569,327,69,161,1,1,1
607,3,760,322,73,155,1,1,1
608,1,569,327,69,162,1,1,1
608,3,760,322,73,155,1,1,1
609,1,570,329,68,169,1,1,1
609,3,765,322,73,157,1,1,1
610,1,570,329,68,169,1,1,1
610,3,765,322,73,157,1,1,1
611,1,577,330,63,176,1,1,1
611,3,768,324,72,154,1,1,1
612,1,572,330,68,158,1,1,1
612,3,774,324,66,154,1,1,1
613,1,573,332,67,171,1,1,1
613,3,773,325,72,154,1,1,1
614,1,573,332,67,169,1,1,1
614,3,781,325,64,154,1,1,1
615,1,575,335,66,168,1,1,1
615,3,782,326,66,154,1,1,1
616,1,575,334,66,177,1,1,1
616,3,779,326,69,161,1,1,1
617,1,576,336,66,177,1,1,1
617,3,782,326,69,161,1,1,1
618,1,582,336,67,178,1,1,1
618,3,784,327,71,161,1,1,1
619,1,578,338,67,181,1,1,1
619,3,786,329,80,164,1,1,1
620,1,582,331,68,182,1,1,1
620,3,786,329,80,164,1,1,1
621,1,585,338,68,182,1,1,1
621,3,789,331,79,163,1,1,1
622,1,588,338,65,174,1,1,1
622,3,788,330,80,163,1,1,1
623,1,587,339,65,175,1,1,1
623,3,795,333,79,163,1,1,1
624,1,589,339,65,181,1,1,1
624,3,795,333,79,163,1,1,1
625,1,590,340,68,182,1,1,1
625,3,802,335,79,162,1,1,1
626,1,590,338,68,182,1,1,1
626,3,802,335,79,162,1,1,1
627,1,591,341,68,182,1,1,1
627,3,805,336,78,160,1,1,1
628,1,592,339,68,182,1,1,1
628,3,805,336,78,160,1,1,1
629,1,594,339,68,182,1,1,1
629,3,816,338,69,159,1,1,1
630,1,594,339,68,182,1,1,1
630,3,820,338,72,159,1,1,1
631,1,595,340,68,181,1,1,1
631,3,821,340,72,158,1,1,1
632,1,596,340,67,180,1,1,1
632,3,818,339,71,157,1,1,1
633,1,598,342,69,184,1,1,1
633,3,826,339,67,156,1,1,1
634,1,597,342,67,180,1,1,1
634,3,830,339,63,157,1,1,1
635,1,600,344,69,184,1,1,1
635,3,833,339,63,156,1,1,1
636,1,598,345,67,178,1,1,1
636,3,833,339,63,156,1,1,1
637,1,602,346,70,187,1,1,1
637,3,836,339,63,156,1,1,1
638,1,601,347,68,182,1,1,1
638,3,841,341,63,156,1,1,1
639,1,606,354,67,179,1,1,1
639,3,845,343,63,156,1,1,1
640,1,603,351,67,179,1,1,1
640,3,845,343,63,156,1,1,1
641,1,606,353,66,177,1,1,1
641,3,851,342,67,165,1,1,1
642,1,607,352,66,182,1,1,1
642,3,848,345,71,155,1,1,1
643,1,610,355,66,187,1,1,1
643,3,851,346,71,155,1,1,1
644,1,611,355,66,187,1,1,1
644,3,852,346,82,155,1,1,1
645,1,613,355,66,188,1,1,1
645,3,855,348,81,154,1,1,1
646,1,612,355,66,187,1,1,1
646,3,855,347,82,155,1,1,1
647,1,618,357,65,185,1,1,1
647,3,858,350,82,155,1,1,1
648,1,618,353,65,185,1,1,1
648,3,858,350,82,155,1,1,1
649,1,621,354,65,184,1,1,1
649,3,864,351,83,157,1,1,1
650,1,618,358,65,184,1,1,1
650,3,864,351,83,157,1,1,1
651,1,622,357,64,183,1,1,1
651,3,869,353,84,159,1,1,1
652,1,622,357,64,183,1,1,1
652,3,869,353,84,159,1,1,1
653,1,624,356,66,187,1,1,1
653,3,875,355,84,158,1,1,1
654,1,624,357,64,183,1,1,1
654,3,875,355,84,159,1,1,1
655,1,625,358,64,182,1,1,1
655,3,880,358,84,158,1,1,1
656,1,625,358,64,182,1,1,1
656,3,880,358,84,158,1,1,1
657,1,632,365,64,188,1,1,1
657,3,885,358,86,161,1,1,1
658,1,632,365,64,188,1,1,1
658,3,885,358,86,161,1,1,1
659,1,634,367,64,187,1,1,1
659,3,888,359,85,160,1,1,1
660,1,634,367,64,188,1,1,1
660,3,888,359,85,160,1,1,1
661,1,636,369,64,187,1,1,1
661,3,891,359,85,160,1,1,1
662,1,636,369,64,187,1,1,1
662,3,891,359,80,160,1,1,1
663,1,638,373,70,184,1,1,1
663,3,895,360,79,158,1,1,1
664,1,638,373,70,184,1,1,1
664,3,895,360,79,158,1,1,1
665,1,640,376,69,181,1,1,1
665,3,898,361,79,157,1,1,1
666,1,640,376,69,181,1,1,1
666,3,898,361,79,164,1,1,1
667,1,643,379,70,185,1,1,1
667,3,904,363,77,159,1,1,1
668,1,643,379,70,193,1,1,1
668,3,904,363,77,169,1,1,1
669,1,645,381,69,191,1,1,1
669,3,907,365,76,167,1,1,1
670,1,645,381,70,192,1,1,1
670,3,909,365,78,171,1,1,1
671,1,647,383,70,191,1,1,1
671,3,912,368,77,168,1,1,1
672,1,647,382,69,191,1,1,1
672,3,912,367,77,168,1,1,1
673,1,649,383,69,190,1,1,1
673,3,921,362,77,176,1,1,1
674,1,649,383,69,190,1,1,1
674,3,921,362,77,176,1,1,1
675,1,657,380,69,189,1,1,1
675,3,926,365,77,176,1,1,1
676,1,651,383,69,191,1,1,1
676,3,926,365,77,176,1,1,1
677,1,659,383,69,191,1,1,1
677,3,930,367,81,179,1,1,1
678,1,660,383,69,191,1,1,1
678,3,930,367,81,179,1,1,1
679,1,664,382,70,191,1,1,1
679,3,937,370,80,176,1,1,1
680,1,664,384,69,191,1,1,1
680,3,937,370,80,176,1,1,1
681,1,668,385,69,189,1,1,1
681,3,942,372,80,176,1,1,1
682,1,659,385,79,189,1,1,1
682,3,939,372,83,178,1,1,1
683,1,666,388,84,189,1,1,1
683,3,946,373,82,177,1,1,1
684,1,666,388,84,189,1,1,1
684,3,946,373,83,177,1,1,1
685,1,669,390,84,188,1,1,1
685,3,950,374,82,176,1,1,1
686,1,669,390,93,192,1,1,1
686,3,950,374,82,183,1,1,1
687,1,672,393,99,191,1,1,1
687,3,953,375,81,182,1,1,1
688,1,672,393,99,191,1,1,1
688,3,953,375,81,182,1,1,1
689,1,675,395,99,190,1,1,1
689,3,958,374,84,187,1,1,1
690,1,675,395,99,191,1,1,1
690,3,964,376,84,187,1,1,1
691,1,680,397,99,190,1,1,1
691,3,971,379,84,187,1,1,1
692,1,680,397,98,190,1,1,1
692,3,971,379,84,187,1,1,1
693,1,685,398,99,191,1,1,1
693,3,975,381,84,186,1,1,1
694,1,685,398,99,191,1,1,1
694,3,978,381,84,186,1,1,1
695,1,690,402,98,188,1,1,1
695,3,981,384,83,184,1,1,1
696,1,690,402,98,188,1,1,1
696,3,979,366,93,187,1,1,1
697,1,697,406,96,185,1,1,1
697,3,984,366,106,204,1,1,1
698,1,697,406,96,185,1,1,1
698,3,986,370,103,200,1,1,1
699,1,704,408,97,188,1,1,1
699,3,987,374,118,197,1,1,1
700,1,704,408,97,188,1,1,1
700,3,990,373,136,198,1,1,1
701,1,711,411,96,186,1,1,1
701,3,985,362,151,212,1,1,1
702,1,710,411,96,186,1,1,1
702,3,990,366,146,208,1,1,1
703,1,715,412,96,184,1,1,1
703,3,1002,373,144,207,1,1,1
704,1,715,412,96,184,1,1,1
704,3,984,367,147,202,1,1,1
705,1,720,412,95,182,1,1,1
705,3,994,370,143,201,1,1,1
706,1,720,412,95,182,1,1,1
706,3,995,373,142,198,1,1,1
707,1,730,413,97,187,1,1,1
707,3,997,371,146,205,1,1,1
708,1,727,413,102,193,1,1,1
708,3,997,372,146,204,1,1,1
709,1,739,412,98,201,1,1,1
709,3,1005,375,144,201,1,1,1
710,1,733,413,93,192,1,1,1
710,3,1004,374,145,202,1,1,1
711,1,743,410,97,193,1,1,1
711,3,1011,375,143,199,1,1,1
712,1,739,411,93,191,1,1,1
712,3,1010,372,144,202,1,1,1
713,1,744,411,94,190,1,1,1
713,3,1024,372,134,200,1,1,1
714,1,739,412,93,198,1,1,1
714,3,1017,375,134,197,1,1,1
715,1,752,415,96,194,1,1,1
715,3,1023,371,132,199,1,1,1
716,1,751,412,94,198,1,1,1
716,3,1029,374,126,196,1,1,1
717,1,762,409,103,204,1,1,1
717,3,1055,375,104,193,1,1,1
718,1,745,416,103,199,1,1,1
718,3,1053,373,106,195,1,1,1
719,1,748,418,103,199,1,1,1
719,3,1081,369,82,201,1,1,1
720,1,760,417,103,198,1,1,1
720,3,1081,369,82,201,1,1,1
721,1,769,419,102,206,1,1,1
721,3,1087,369,82,202,1,1,1
722,1,763,418,102,209,1,1,1
722,3,1087,369,82,202,1,1,1
723,1,768,420,104,214,1,1,1
723,3,1093,371,83,203,1,1,1
724,1,768,420,104,214,1,1,1
724,3,1093,371,83,203,1,1,1
725,1,773,423,105,215,1,1,1
725,3,1099,373,83,205,1,1,1
726,1,773,423,105,215,1,1,1
726,3,1099,373,83,205,1,1,1
727,1,776,424,106,217,1,1,1
727,3,1107,376,84,207,1,1,1
728,1,776,424,106,217,1,1,1
728,3,1107,376,84,207,1,1,1
729,1,779,424,107,218,1,1,1
729,3,1117,379,85,208,1,1,1
730,1,782,424,104,216,1,1,1
730,3,1117,379,84,208,1,1,1
731,1,786,423,106,220,1,1,1
731,3,1125,383,84,207,1,1,1
