1,2,262,191,33,59,1,1,1
1,3,321,185,28,57,1,1,1
2,2,263,194,33,59,1,1,1
2,3,322,184,28,57,1,1,1
3,2,261,193,35,62,1,1,1
3,3,322,184,28,57,1,1,1
4,2,262,189,35,62,1,1,1
4,3,324,184,28,57,1,1,1
5,2,263,195,33,59,1,1,1
5,3,324,185,28,57,1,1,1
6,2,265,192,33,59,1,1,1
6,3,325,186,28,57,1,1,1
7,2,264,191,33,59,1,1,1
7,3,326,187,28,57,1,1,1
8,2,264,195,33,59,1,1,1
8,3,327,187,28,57,1,1,1
9,2,270,196,26,49,1,1,1
9,3,326,187,30,59,1,1,1
10,2,269,198,26,49,1,1,1
10,3,327,186,30,59,1,1,1
11,2,271,197,26,49,1,1,1
11,3,327,191,30,59,1,1,1
12,2,271,199,26,49,1,1,1
12,3,330,190,29,56,1,1,1
13,2,272,194,27,51,1,1,1
13,3,329,183,30,59,1,1,1
14,2,272,196,27,51,1,1,1
14,3,328,190,30,59,1,1,1
15,2,273,198,26,49,1,1,1
15,3,330,187,30,59,1,1,1
16,2,272,198,29,55,1,1,1
16,3,329,183,32,62,1,1,1
17,2,271,198,29,55,1,1,1
17,3,329,179,32,62,1,1,1
18,2,272,199,29,55,1,1,1
18,3,329,179,32,62,1,1,1
19,2,272,201,29,55,1,1,1
19,3,330,180,32,62,1,1,1
20,2,272,199,29,55,1,1,1
20,3,331,181,32,62,1,1,1
21,2,277,199,24,51,1,1,1
21,3,332,193,30,56,1,1,1
22,2,277,198,24,51,1,1,1
22,3,333,193,30,56,1,1,1
23,2,277,197,24,51,1,1,1
23,3,333,193,30,56,1,1,1
24,2,277,196,24,51,1,1,1
24,3,335,193,30,56,1,1,1
25,2,277,198,24,51,1,1,1
25,3,337,194,30,56,1,1,1
26,2,278,198,24,51,1,1,1
26,3,337,194,30,56,1,1,1
27,2,279,199,24,51,1,1,1
27,3,339,194,30,56,1,1,1
28,2,280,200,23,49,1,1,1
28,3,338,194,30,56,1,1,1
29,2,282,200,23,49,1,1,1
29,3,338,193,30,56,1,1,1
30,2,282,201,23,49,1,1,1
30,3,338,193,30,56,1,1,1
31,2,282,201,23,49,1,1,1
31,3,339,194,30,56,1,1,1
32,2,284,200,23,49,1,1,1
32,3,341,194,30,56,1,1,1
33,2,283,199,24,51,1,1,1
33,3,340,193,30,56,1,1,1
34,2,285,201,24,51,1,1,1
34,3,342,193,30,56,1,1,1
35,2,284,197,24,51,1,1,1
35,3,341,192,31,59,1,1,1
36,2,284,193,25,54,1,1,1
36,3,342,192,31,59,1,1,1
37,2,285,200,30,53,1,1,1
37,3,343,193,31,59,1,1,1
38,2,286,201,30,53,1,1,1
38,3,344,192,31,59,1,1,1
39,2,287,204,30,53,1,1,1
39,3,344,192,31,59,1,1,1
40,2,289,203,30,53,1,1,1
40,3,345,192,31,59,1,1,1
41,2,289,197,30,53,1,1,1
41,3,345,191,31,59,1,1,1
42,2,289,201,30,53,1,1,1
42,3,347,192,31,59,1,1,1
43,2,290,200,30,53,1,1,1
43,3,348,193,31,59,1,1,1
44,2,290,205,30,53,1,1,1
44,3,348,191,31,59,1,1,1
45,2,290,202,30,53,1,1,1
45,3,350,193,31,59,1,1,1
46,2,290,207,30,53,1,1,1
46,3,350,191,31,59,1,1,1
47,2,291,207,30,53,1,1,1
47,3,351,195,31,59,1,1,1
48,2,291,204,30,53,1,1,1
48,3,352,193,31,59,1,1,1
49,2,294,206,29,50,1,1,1
49,3,351,191,31,59,1,1,1
50,2,294,206,25,49,1,1,1
50,3,353,192,31,59,1,1,1
51,2,295,204,25,49,1,1,1
51,3,352,195,31,59,1,1,1
52,2,296,206,24,47,1,1,1
52,3,354,195,31,59,1,1,1
53,2,296,207,24,47,1,1,1
53,3,354,194,31,59,1,1,1
54,2,296,207,24,47,1,1,1
54,3,355,193,31,59,1,1,1
55,2,298,207,24,47,1,1,1
55,3,358,196,31,59,1,1,1
56,2,297,206,24,47,1,1,1
56,3,358,196,31,59,1,1,1
57,2,299,211,24,47,1,1,1
57,3,360,196,31,59,1,1,1
58,2,299,206,25,49,1,1,1
58,3,360,196,31,59,1,1,1
59,2,300,211,24,47,1,1,1
59,3,362,197,31,59,1,1,1
60,2,301,209,25,49,1,1,1
60,3,362,196,31,59,1,1,1
61,2,302,209,25,49,1,1,1
61,3,362,197,31,59,1,1,1
62,2,301,211,24,47,1,1,1
62,3,361,188,33,62,1,1,1
63,2,302,210,24,47,1,1,1
63,3,361,186,33,62,1,1,1
64,2,303,211,24,47,1,1,1
64,3,361,186,31,59,1,1,1
65,2,303,210,24,47,1,1,1
65,3,364,187,31,59,1,1,1
66,2,304,211,23,44,1,1,1
66,3,365,192,31,59,1,1,1
67,2,304,213,23,44,1,1,1
67,3,366,194,31,59,1,1,1
68,2,301,210,25,50,1,1,1
68,3,366,184,33,70,1,1,1
69,2,302,210,25,50,1,1,1
69,3,367,182,33,70,1,1,1
70,2,303,209,25,50,1,1,1
70,3,368,181,33,70,1,1,1
71,2,303,210,25,50,1,1,1
71,3,367,180,33,70,1,1,1
72,2,304,211,25,50,1,1,1
72,3,369,180,33,70,1,1,1
73,2,303,212,25,50,1,1,1
73,3,369,179,33,70,1,1,1
74,2,303,211,25,50,1,1,1
74,3,369,180,33,70,1,1,1
75,2,305,211,25,50,1,1,1
75,3,370,180,34,76,1,1,1
76,2,305,210,25,50,1,1,1
76,3,368,177,34,76,1,1,1
77,2,305,206,25,50,1,1,1
77,3,366,176,36,80,1,1,1
78,2,304,203,26,52,1,1,1
78,3,369,177,34,76,1,1,1
79,2,304,202,28,55,1,1,1
79,3,368,178,34,76,1,1,1
80,2,303,199,28,55,1,1,1
80,3,374,197,29,55,1,1,1
81,2,303,198,29,58,1,1,1
81,3,374,200,29,55,1,1,1
82,2,304,199,29,58,1,1,1
82,3,376,201,29,55,1,1,1
83,2,305,199,29,58,1,1,1
83,3,376,197,30,58,1,1,1
84,2,306,198,29,58,1,1,1
84,3,375,196,30,58,1,1,1
85,2,306,203,29,58,1,1,1
85,3,376,199,30,58,1,1,1
86,2,307,204,29,58,1,1,1
86,3,375,193,32,61,1,1,1
87,2,308,204,29,58,1,1,1
87,3,376,197,32,61,1,1,1
88,2,308,203,29,58,1,1,1
88,3,377,196,32,61,1,1,1
89,2,309,204,28,55,1,1,1
89,3,377,193,32,61,1,1,1
90,2,309,212,28,55,1,1,1
90,3,378,194,32,61,1,1,1
91,2,310,215,26,52,1,1,1
91,3,378,192,32,61,1,1,1
92,2,311,214,26,52,1,1,1
92,3,377,192,33,74,1,1,1
93,2,312,213,26,52,1,1,1
93,3,378,194,33,74,1,1,1
94,2,311,214,26,52,1,1,1
94,3,378,191,33,74,1,1,1
95,2,312,213,26,52,1,1,1
95,3,379,186,33,74,1,1,1
96,2,312,214,26,52,1,1,1
96,3,380,189,33,74,1,1,1
97,2,313,215,25,50,1,1,1
97,3,379,190,33,74,1,1,1
98,2,314,215,25,50,1,1,1
98,3,380,190,33,74,1,1,1
99,2,313,216,25,50,1,1,1
99,3,380,191,33,74,1,1,1
100,2,313,215,25,50,1,1,1
100,3,381,195,33,74,1,1,1
101,2,311,216,28,54,1,1,1
101,3,380,188,35,76,1,1,1
102,2,312,214,28,54,1,1,1
102,3,379,186,35,76,1,1,1
103,2,314,218,29,57,1,1,1
103,3,379,187,35,76,1,1,1
104,2,313,217,29,57,1,1,1
104,3,379,185,35,76,1,1,1
105,2,314,217,29,57,1,1,1
105,3,378,181,37,80,1,1,1
106,2,314,216,29,57,1,1,1
106,3,380,182,35,76,1,1,1
107,2,315,218,29,57,1,1,1
107,3,382,187,35,76,1,1,1
108,2,314,218,29,57,1,1,1
108,3,384,191,35,76,1,1,1
109,2,315,220,29,57,1,1,1
109,3,385,190,35,76,1,1,1
110,2,317,219,29,57,1,1,1
110,3,385,187,35,76,1,1,1
111,2,318,220,30,55,1,1,1
111,3,387,186,35,76,1,1,1
112,2,318,222,30,55,1,1,1
112,3,387,188,35,76,1,1,1
113,2,319,221,30,55,1,1,1
113,3,388,189,35,76,1,1,1
114,2,319,220,30,55,1,1,1
114,3,389,189,35,76,1,1,1
115,2,320,221,30,55,1,1,1
115,3,390,188,35,76,1,1,1
116,2,321,220,30,55,1,1,1
116,3,391,188,35,76,1,1,1
117,2,321,222,30,55,1,1,1
117,3,392,188,35,76,1,1,1
118,2,320,222,30,55,1,1,1
118,3,393,186,35,76,1,1,1
119,2,320,222,30,55,1,1,1
119,3,393,196,36,72,1,1,1
120,2,320,222,30,55,1,1,1
120,3,395,196,36,72,1,1,1
121,2,321,224,30,55,1,1,1
121,3,396,192,38,76,1,1,1
122,2,321,222,31,58,1,1,1
122,3,396,190,38,76,1,1,1
123,2,322,223,31,58,1,1,1
123,3,397,190,38,76,1,1,1
124,2,322,223,31,58,1,1,1
124,3,397,191,38,76,1,1,1
125,2,322,224,31,58,1,1,1
125,3,397,190,38,76,1,1,1
126,2,322,223,31,58,1,1,1
126,3,398,190,38,76,1,1,1
127,2,322,206,32,75,1,1,1
127,3,399,191,38,77,1,1,1
128,2,322,205,32,75,1,1,1
128,3,399,190,38,77,1,1,1
129,2,323,205,32,75,1,1,1
129,3,400,191,38,77,1,1,1
130,2,323,202,34,79,1,1,1
130,3,400,190,38,77,1,1,1
131,2,322,202,34,79,1,1,1
131,3,401,191,38,77,1,1,1
132,2,323,204,32,75,1,1,1
132,3,401,190,38,77,1,1,1
133,2,324,209,32,75,1,1,1
133,3,401,193,36,73,1,1,1
134,2,323,207,34,79,1,1,1
134,3,402,195,36,73,1,1,1
135,2,324,206,34,79,1,1,1
135,3,402,195,36,73,1,1,1
136,2,325,207,34,79,1,1,1
136,3,403,194,36,73,1,1,1
137,2,327,209,32,75,1,1,1
137,3,403,194,36,73,1,1,1
138,2,327,211,32,75,1,1,1
138,3,405,196,36,73,1,1,1
139,2,325,203,34,79,1,1,1
139,3,405,195,36,73,1,1,1
140,2,325,202,34,79,1,1,1
140,3,405,193,38,77,1,1,1
141,2,325,204,34,79,1,1,1
141,3,404,192,38,77,1,1,1
142,2,326,205,32,75,1,1,1
142,3,405,199,38,70,1,1,1
143,2,327,205,32,75,1,1,1
143,3,407,199,38,70,1,1,1
144,2,327,208,30,71,1,1,1
144,3,408,200,38,70,1,1,1
145,2,326,203,32,75,1,1,1
145,3,409,200,38,70,1,1,1
146,2,326,205,32,75,1,1,1
146,3,410,200,38,70,1,1,1
147,2,328,204,32,75,1,1,1
147,3,410,201,38,70,1,1,1
148,2,328,206,32,75,1,1,1
148,3,410,201,38,70,1,1,1
149,2,331,207,32,75,1,1,1
149,3,410,201,38,70,1,1,1
150,2,331,208,32,75,1,1,1
150,3,412,202,38,70,1,1,1
151,2,331,208,32,75,1,1,1
151,3,412,201,38,70,1,1,1
152,2,332,208,32,75,1,1,1
152,3,412,201,38,70,1,1,1
153,2,334,210,32,75,1,1,1
153,3,414,200,38,70,1,1,1
154,2,335,210,32,75,1,1,1
154,3,413,199,38,70,1,1,1
155,2,333,208,32,75,1,1,1
155,3,414,200,38,70,1,1,1
156,2,334,208,30,71,1,1,1
156,3,415,201,38,70,1,1,1
157,2,333,206,39,77,1,1,1
157,3,415,200,34,79,1,1,1
158,2,331,202,39,77,1,1,1
158,3,416,192,34,79,1,1,1
159,2,331,203,39,77,1,1,1
159,3,417,194,34,79,1,1,1
160,2,332,201,39,77,1,1,1
160,3,417,191,34,79,1,1,1
161,2,332,201,41,81,1,1,1
161,3,418,192,34,79,1,1,1
162,2,333,200,41,81,1,1,1
162,3,418,192,34,79,1,1,1
163,2,339,212,36,72,1,1,1
163,3,419,193,36,86,1,1,1
164,2,338,210,35,72,1,1,1
164,3,420,186,36,86,1,1,1
165,2,338,206,35,72,1,1,1
165,3,422,186,36,86,1,1,1
166,2,337,202,37,76,1,1,1
166,3,423,185,36,86,1,1,1
167,2,339,206,35,72,1,1,1
167,3,423,187,36,86,1,1,1
168,2,337,202,37,76,1,1,1
168,3,424,186,36,86,1,1,1
169,2,343,216,32,71,1,1,1
169,3,428,181,36,86,1,1,1
170,2,343,208,32,71,1,1,1
170,3,428,182,36,86,1,1,1
171,2,345,216,34,75,1,1,1
171,3,430,195,36,89,1,1,1
172,2,345,210,34,75,1,1,1
172,3,430,188,36,89,1,1,1
173,2,346,210,34,75,1,1,1
173,3,430,184,36,89,1,1,1
174,2,347,210,34,75,1,1,1
174,3,433,187,34,85,1,1,1
175,2,348,210,34,75,1,1,1
175,3,432,187,34,85,1,1,1
176,2,349,212,34,75,1,1,1
176,3,434,183,34,85,1,1,1
177,2,351,227,34,60,1,1,1
177,3,431,213,39,78,1,1,1
178,2,351,225,34,60,1,1,1
178,3,431,213,39,78,1,1,1
179,2,353,226,34,60,1,1,1
179,3,431,214,39,78,1,1,1
180,2,353,227,34,60,1,1,1
180,3,432,216,39,78,1,1,1
181,2,353,227,34,60,1,1,1
181,3,432,207,39,78,1,1,1
182,2,353,226,34,60,1,1,1
182,3,434,206,39,78,1,1,1
183,2,355,227,34,60,1,1,1
183,3,435,207,39,78,1,1,1
184,2,358,229,32,57,1,1,1
184,3,434,212,39,78,1,1,1
185,2,357,229,32,57,1,1,1
185,3,434,217,39,78,1,1,1
186,2,359,229,32,57,1,1,1
186,3,435,218,39,78,1,1,1
187,2,360,232,32,57,1,1,1
187,3,436,218,39,78,1,1,1
188,2,361,231,33,63,1,1,1
188,3,442,217,33,75,1,1,1
189,2,362,232,33,63,1,1,1
189,3,442,218,33,75,1,1,1
190,2,363,232,33,63,1,1,1
190,3,444,218,33,75,1,1,1
191,2,363,229,33,63,1,1,1
191,3,444,218,33,75,1,1,1
192,2,365,229,33,63,1,1,1
192,3,446,217,33,75,1,1,1
193,2,364,224,33,63,1,1,1
193,3,446,201,33,75,1,1,1
194,2,364,225,37,71,1,1,1
194,3,449,224,37,65,1,1,1
195,2,364,220,37,71,1,1,1
195,3,451,224,37,65,1,1,1
196,2,364,221,37,71,1,1,1
196,3,452,224,37,65,1,1,1
197,2,365,221,37,71,1,1,1
197,3,452,224,37,65,1,1,1
198,2,367,223,37,71,1,1,1
198,3,452,227,37,65,1,1,1
199,2,371,224,33,79,1,1,1
199,3,453,224,38,72,1,1,1
200,2,371,219,33,79,1,1,1
200,3,454,227,38,72,1,1,1
201,2,372,220,33,79,1,1,1
201,3,453,226,38,72,1,1,1
202,2,371,217,35,83,1,1,1
202,3,454,226,38,72,1,1,1
203,2,369,217,35,83,1,1,1
203,3,454,228,38,72,1,1,1
204,2,369,216,35,83,1,1,1
204,3,456,228,38,72,1,1,1
205,2,371,225,42,79,1,1,1
205,3,456,226,38,74,1,1,1
206,2,370,218,42,79,1,1,1
206,3,457,226,38,74,1,1,1
207,2,373,228,42,79,1,1,1
207,3,458,225,38,74,1,1,1
208,2,375,233,39,72,1,1,1
208,3,461,224,41,76,1,1,1
209,2,378,238,39,72,1,1,1
209,3,461,223,41,76,1,1,1
210,2,379,240,39,72,1,1,1
210,3,464,223,41,76,1,1,1
211,2,378,241,39,72,1,1,1
211,3,466,226,41,76,1,1,1
212,2,379,242,39,72,1,1,1
212,3,465,225,41,76,1,1,1
213,2,382,241,39,72,1,1,1
213,3,467,225,41,76,1,1,1
214,2,379,231,37,79,1,1,1
214,3,462,228,47,77,1,1,1
215,2,381,235,37,79,1,1,1
215,3,469,230,34,75,1,1,1
216,2,384,233,37,79,1,1,1
216,3,469,229,34,75,1,1,1
217,2,383,232,37,79,1,1,1
217,3,471,231,34,75,1,1,1
218,2,384,233,37,79,1,1,1
218,3,472,229,34,75,1,1,1
219,2,384,235,37,79,1,1,1
219,3,472,228,36,79,1,1,1
220,2,384,235,37,79,1,1,1
220,3,471,214,36,79,1,1,1
221,2,383,234,37,79,1,1,1
221,3,473,229,35,72,1,1,1
222,2,383,235,37,79,1,1,1
222,3,474,226,35,72,1,1,1
223,2,385,236,37,79,1,1,1
223,3,474,222,37,76,1,1,1
224,2,384,234,37,79,1,1,1
224,3,476,222,35,72,1,1,1
225,2,385,234,39,83,1,1,1
225,3,478,219,35,72,1,1,1
226,2,385,234,39,83,1,1,1
226,3,479,220,35,72,1,1,1
227,2,386,234,38,78,1,1,1
227,3,480,229,35,80,1,1,1
228,2,387,240,38,71,1,1,1
228,3,482,237,34,71,1,1,1
229,2,387,241,38,71,1,1,1
229,3,485,241,32,67,1,1,1
230,2,388,241,38,71,1,1,1
230,3,484,237,35,69,1,1,1
231,2,387,242,38,71,1,1,1
231,3,484,235,35,69,1,1,1
232,2,387,243,38,71,1,1,1
232,3,486,234,35,69,1,1,1
233,2,388,241,38,71,1,1,1
233,3,486,242,36,66,1,1,1
234,2,388,242,38,71,1,1,1
234,3,487,235,36,66,1,1,1
235,2,390,241,38,71,1,1,1
235,3,488,239,36,66,1,1,1
236,2,395,252,34,60,1,1,1
236,3,487,238,36,66,1,1,1
237,2,393,254,34,60,1,1,1
237,3,489,236,36,66,1,1,1
238,2,394,253,34,60,1,1,1
238,3,488,234,36,66,1,1,1
239,2,395,254,34,60,1,1,1
239,3,489,236,36,66,1,1,1
240,2,397,255,34,60,1,1,1
240,3,491,236,36,66,1,1,1
241,2,397,250,34,60,1,1,1
241,3,488,242,41,72,1,1,1
242,2,397,252,34,60,1,1,1
242,3,489,243,39,85,1,1,1
243,2,398,254,34,60,1,1,1
243,3,492,225,39,85,1,1,1
244,2,399,253,34,62,1,1,1
244,3,493,244,40,75,1,1,1
245,2,399,255,34,62,1,1,1
245,3,495,234,40,75,1,1,1
246,2,400,251,34,67,1,1,1
246,3,498,237,38,66,1,1,1
247,2,400,253,34,67,1,1,1
247,3,497,224,38,66,1,1,1
248,2,400,256,34,67,1,1,1
248,3,499,240,35,72,1,1,1
249,2,402,258,34,67,1,1,1
249,3,503,238,35,83,1,1,1
250,2,398,251,38,74,1,1,1
250,3,503,228,35,83,1,1,1
251,2,399,251,38,74,1,1,1
251,3,506,229,35,83,1,1,1
252,2,400,251,38,74,1,1,1
252,3,501,237,40,77,1,1,1
253,2,400,251,38,74,1,1,1
253,3,503,226,40,77,1,1,1
254,2,400,252,38,74,1,1,1
254,3,505,239,40,79,1,1,1
255,2,401,251,38,74,1,1,1
255,3,508,240,41,83,1,1,1
256,2,401,253,38,74,1,1,1
256,3,511,232,41,83,1,1,1
257,2,402,253,38,74,1,1,1
257,3,511,237,39,82,1,1,1
258,2,401,253,38,74,1,1,1
258,3,514,233,39,82,1,1,1
259,2,402,253,38,74,1,1,1
259,3,515,234,39,82,1,1,1
260,2,403,255,38,74,1,1,1
260,3,515,233,39,82,1,1,1
261,2,404,251,38,80,1,1,1
261,3,515,238,41,84,1,1,1
262,2,404,252,38,80,1,1,1
262,3,516,233,41,84,1,1,1
263,2,406,254,38,80,1,1,1
263,3,515,238,45,83,1,1,1
264,2,406,251,38,80,1,1,1
264,3,516,233,45,83,1,1,1
265,2,409,249,38,80,1,1,1
265,3,519,240,42,86,1,1,1
266,2,411,248,38,80,1,1,1
266,3,519,231,42,86,1,1,1
267,2,411,248,38,80,1,1,1
267,3,519,231,42,86,1,1,1
268,2,412,248,38,80,1,1,1
268,3,521,227,42,86,1,1,1
269,2,413,245,38,80,1,1,1
269,3,522,234,41,94,1,1,1
270,2,413,245,39,86,1,1,1
270,3,523,235,41,86,1,1,1
271,2,411,247,41,84,1,1,1
271,3,524,235,39,94,1,1,1
272,2,413,246,38,83,1,1,1
272,3,522,237,41,87,1,1,1
273,2,412,241,38,83,1,1,1
273,3,524,224,41,87,1,1,1
274,2,413,241,38,83,1,1,1
274,3,526,241,41,82,1,1,1
275,2,413,244,39,88,1,1,1
275,3,527,240,41,88,1,1,1
276,2,412,247,41,91,1,1,1
276,3,529,233,41,94,1,1,1
277,2,412,251,43,86,1,1,1
277,3,529,235,41,90,1,1,1
278,2,412,246,43,90,1,1,1
278,3,529,233,43,100,1,1,1
279,2,412,244,46,95,1,1,1
279,3,531,235,42,93,1,1,1
280,2,410,233,47,106,1,1,1
280,3,532,241,43,87,1,1,1
281,2,411,245,48,91,1,1,1
281,3,536,238,44,97,1,1,1
282,2,410,250,51,91,1,1,1
282,3,535,243,47,89,1,1,1
283,2,410,245,51,91,1,1,1
283,3,538,241,47,89,1,1,1
284,2,410,249,51,91,1,1,1
284,3,538,241,47,89,1,1,1
285,2,410,248,51,91,1,1,1
285,3,540,243,47,89,1,1,1
286,2,411,248,51,91,1,1,1
286,3,542,244,47,89,1,1,1
287,2,412,247,51,91,1,1,1
287,3,546,246,47,89,1,1,1
288,2,413,247,47,94,1,1,1
288,3,539,240,45,95,1,1,1
289,2,412,237,47,94,1,1,1
289,3,541,224,45,95,1,1,1
290,2,417,238,43,105,1,1,1
290,3,548,245,39,89,1,1,1
291,2,419,241,41,101,1,1,1
291,3,552,246,34,89,1,1,1
292,2,419,239,43,110,1,1,1
292,3,547,239,44,94,1,1,1
293,2,423,252,38,92,1,1,1
293,3,547,244,44,92,1,1,1
294,2,424,243,39,103,1,1,1
294,3,548,234,47,102,1,1,1
295,2,422,243,41,99,1,1,1
295,3,551,240,43,96,1,1,1
296,2,423,247,40,99,1,1,1
296,3,555,236,41,100,1,1,1
297,2,424,235,40,99,1,1,1
297,3,553,224,41,100,1,1,1
298,2,425,234,40,99,1,1,1
298,3,554,220,41,100,1,1,1
299,2,427,245,43,97,1,1,1
299,3,554,244,49,96,1,1,1
300,2,424,243,43,103,1,1,1
300,3,554,238,48,102,1,1,1
301,2,423,253,43,99,1,1,1
301,3,557,241,46,99,1,1,1
302,2,423,253,43,99,1,1,1
302,3,559,249,44,92,1,1,1
303,2,425,253,43,99,1,1,1
303,3,560,247,39,100,1,1,1
304,2,424,252,43,99,1,1,1
304,3,559,253,44,91,1,1,1
305,2,426,255,43,99,1,1,1
305,3,562,244,44,91,1,1,1
306,2,426,254,43,99,1,1,1
306,3,563,244,44,91,1,1,1
307,2,427,250,43,99,1,1,1
307,3,565,246,44,91,1,1,1
308,2,426,251,44,98,1,1,1
308,3,566,246,45,96,1,1,1
309,2,432,244,45,116,1,1,1
309,3,568,240,43,92,1,1,1
310,2,434,249,45,103,1,1,1
310,3,570,243,43,104,1,1,1
311,2,429,253,51,104,1,1,1
311,3,567,245,48,101,1,1,1
312,2,430,258,55,97,1,1,1
312,3,575,249,45,95,1,1,1
313,2,434,247,48,107,1,1,1
313,3,570,252,48,90,1,1,1
314,2,439,251,46,107,1,1,1
314,3,577,252,44,91,1,1,1
315,2,437,257,50,103,1,1,1
315,3,579,246,43,102,1,1,1
316,2,440,259,48,105,1,1,1
316,3,579,254,42,98,1,1,1
317,2,440,266,51,92,1,1,1
317,3,581,257,42,91,1,1,1
318,2,443,262,51,92,1,1,1
318,3,582,252,42,91,1,1,1
319,2,447,265,49,88,1,1,1
319,3,583,252,42,91,1,1,1
320,2,449,265,49,88,1,1,1
320,3,584,253,42,91,1,1,1
321,2,453,274,42,83,1,1,1
321,3,585,253,42,92,1,1,1
322,2,457,269,42,83,1,1,1
322,3,587,258,40,91,1,1,1
323,2,455,270,45,89,1,1,1
323,3,589,254,40,95,1,1,1
324,2,459,272,44,92,1,1,1
324,3,588,257,41,92,1,1,1
325,2,458,271,46,91,1,1,1
325,3,592,258,39,94,1,1,1
326,2,460,271,45,88,1,1,1
326,3,592,254,42,98,1,1,1
327,2,462,270,43,93,1,1,1
327,3,591,258,43,102,1,1,1
328,2,462,265,45,103,1,1,1
328,3,591,250,49,101,1,1,1
329,2,465,271,42,91,1,1,1
329,3,589,251,57,106,1,1,1
330,2,467,271,42,91,1,1,1
330,3,590,253,56,103,1,1,1
331,2,467,271,42,94,1,1,1
331,3,590,251,57,108,1,1,1
332,2,469,266,43,97,1,1,1
332,3,591,250,53,112,1,1,1
333,2,472,269,40,90,1,1,1
333,3,593,250,50,104,1,1,1
334,2,473,263,43,98,1,1,1
334,3,595,245,47,117,1,1,1
335,2,472,261,48,101,1,1,1
335,3,597,245,48,105,1,1,1
336,2,474,267,53,95,1,1,1
336,3,600,254,45,111,1,1,1
337,2,473,269,63,96,1,1,1
337,3,601,247,45,110,1,1,1
338,2,474,269,51,97,1,1,1
338,3,603,251,45,112,1,1,1
339,2,475,264,54,101,1,1,1
339,3,602,249,48,109,1,1,1
340,2,476,264,55,106,1,1,1
340,3,607,253,44,110,1,1,1
341,2,478,266,50,103,1,1,1
341,3,605,247,45,111,1,1,1
342,2,481,261,49,112,1,1,1
342,3,609,251,42,112,1,1,1
343,2,483,257,48,108,1,1,1
343,3,608,257,42,106,1,1,1
344,2,484,272,47,101,1,1,1
344,3,610,259,49,102,1,1,1
345,2,485,263,46,107,1,1,1
345,3,609,258,51,111,1,1,1
346,2,487,257,54,111,1,1,1
346,3,614,263,45,98,1,1,1
347,2,489,267,49,104,1,1,1
347,3,612,264,45,104,1,1,1
348,2,494,272,40,103,1,1,1
348,3,614,260,48,107,1,1,1
349,2,494,272,40,103,1,1,1
349,3,616,258,44,105,1,1,1
350,2,495,271,40,103,1,1,1
350,3,618,254,43,108,1,1,1
351,2,496,273,40,103,1,1,1
351,3,616,264,44,105,1,1,1
352,2,498,278,38,98,1,1,1
352,3,618,257,44,114,1,1,1
353,2,498,276,38,98,1,1,1
353,3,619,254,43,115,1,1,1
354,2,497,277,41,110,1,1,1
354,3,615,263,47,106,1,1,1
355,2,497,274,43,103,1,1,1
355,3,620,269,46,96,1,1,1
356,2,497,267,43,110,1,1,1
356,3,619,268,48,100,1,1,1
357,2,495,260,44,117,1,1,1
357,3,620,260,48,105,1,1,1
358,2,497,258,47,121,1,1,1
358,3,621,263,50,107,1,1,1
359,2,497,265,50,115,1,1,1
359,3,621,255,51,116,1,1,1
360,2,496,268,49,113,1,1,1
360,3,621,265,53,112,1,1,1
361,2,495,284,54,102,1,1,1
361,3,622,267,53,101,1,1,1
362,2,498,285,54,102,1,1,1
362,3,620,261,56,112,1,1,1
363,2,499,286,54,98,1,1,1
363,3,622,266,55,110,1,1,1
364,2,500,288,52,93,1,1,1
364,3,625,266,51,104,1,1,1
365,2,501,282,53,106,1,1,1
365,3,627,267,55,107,1,1,1
366,2,502,286,54,100,1,1,1
366,3,627,263,53,113,1,1,1
367,2,502,278,52,112,1,1,1
367,3,628,263,54,114,1,1,1
368,2,504,277,52,113,1,1,1
368,3,628,260,55,119,1,1,1
369,2,504,274,53,114,1,1,1
369,3,627,255,57,125,1,1,1
370,2,506,283,48,108,1,1,1
370,3,634,289,46,86,1,1,1
371,2,512,289,42,101,1,1,1
371,3,636,289,46,86,1,1,1
372,2,513,285,42,101,1,1,1
372,3,638,284,46,86,1,1,1
373,2,513,285,42,101,1,1,1
373,3,641,283,46,86,1,1,1
374,2,514,288,42,101,1,1,1
374,3,642,285,46,86,1,1,1
375,2,515,286,42,101,1,1,1
375,3,643,285,46,86,1,1,1
376,2,515,296,46,98,1,1,1
376,3,642,277,44,100,1,1,1
377,2,515,287,46,98,1,1,1
377,3,645,282,48,86,1,1,1
378,2,516,289,46,98,1,1,1
378,3,649,263,48,86,1,1,1
379,2,518,291,46,98,1,1,1
379,3,651,264,48,86,1,1,1
380,2,516,290,48,103,1,1,1
380,3,651,272,37,82,1,1,1
381,2,518,292,48,103,1,1,1
381,3,657,267,37,82,1,1,1
382,2,516,291,51,108,1,1,1
382,3,660,268,37,82,1,1,1
383,2,518,291,51,108,1,1,1
383,3,660,275,38,88,1,1,1
384,2,519,288,51,108,1,1,1
384,3,665,266,38,88,1,1,1
385,2,520,282,51,108,1,1,1
385,3,668,267,38,88,1,1,1
386,2,521,284,51,108,1,1,1
386,3,665,275,38,88,1,1,1
387,2,521,286,51,108,1,1,1
387,3,672,271,38,88,1,1,1
388,2,523,288,51,108,1,1,1
388,3,673,270,38,88,1,1,1
389,2,523,286,51,108,1,1,1
389,3,671,279,38,88,1,1,1
390,2,525,287,47,118,1,1,1
390,3,675,274,41,92,1,1,1
391,2,523,274,47,118,1,1,1
391,3,679,266,41,92,1,1,1
392,2,525,275,47,118,1,1,1
392,3,679,268,41,92,1,1,1
393,2,526,276,47,118,1,1,1
393,3,681,269,41,92,1,1,1
394,2,529,306,48,101,1,1,1
394,3,672,269,71,121,1,1,1
395,2,529,312,48,101,1,1,1
395,3,678,264,71,121,1,1,1
396,2,529,311,48,101,1,1,1
396,3,681,263,71,121,1,1,1
397,2,531,312,48,101,1,1,1
397,3,682,264,71,121,1,1,1
398,2,535,307,48,101,1,1,1
398,3,687,263,71,121,1,1,1
399,2,532,308,48,101,1,1,1
399,3,680,272,74,127,1,1,1
400,2,535,312,48,101,1,1,1
400,3,678,278,74,127,1,1,1
401,2,537,316,48,101,1,1,1
401,3,684,277,74,127,1,1,1
402,2,539,312,48,101,1,1,1
402,3,695,277,74,127,1,1,1
403,2,543,305,48,101,1,1,1
403,3,693,273,74,127,1,1,1
404,2,539,321,48,101,1,1,1
404,3,701,273,69,127,1,1,1
405,2,544,323,48,101,1,1,1
405,3,704,279,61,123,1,1,1
406,2,547,324,48,101,1,1,1
406,3,710,279,61,123,1,1,1
407,2,548,325,48,101,1,1,1
407,3,709,278,61,123,1,1,1
408,2,549,328,48,101,1,1,1
408,3,724,266,61,123,1,1,1
409,2,548,327,48,101,1,1,1
409,3,714,277,61,123,1,1,1
410,2,551,327,48,101,1,1,1
410,3,719,280,61,123,1,1,1
411,2,554,332,46,96,1,1,1
411,3,721,280,61,123,1,1,1
412,2,556,332,46,96,1,1,1
412,3,724,277,61,123,1,1,1
413,2,557,329,48,101,1,1,1
413,3,725,279,61,123,1,1,1
414,2,559,322,48,101,1,1,1
414,3,727,281,61,123,1,1,1
415,2,562,316,48,101,1,1,1
415,3,727,282,61,123,1,1,1
416,2,560,313,50,106,1,1,1
416,3,728,284,61,123,1,1,1
417,2,562,317,57,113,1,1,1
417,3,733,293,61,123,1,1,1
418,2,562,313,57,113,1,1,1
418,3,738,294,61,123,1,1,1
419,2,562,312,64,113,1,1,1
419,3,741,289,61,123,1,1,1
420,2,565,318,64,113,1,1,1
420,3,744,293,57,124,1,1,1
421,2,564,312,64,113,1,1,1
421,3,746,292,57,124,1,1,1
422,2,565,309,67,119,1,1,1
422,3,748,292,57,124,1,1,1
423,2,568,310,67,119,1,1,1
423,3,748,290,57,124,1,1,1
424,2,571,311,67,119,1,1,1
424,3,748,291,57,124,1,1,1
425,2,574,311,67,119,1,1,1
425,3,749,291,57,124,1,1,1
426,2,576,312,67,119,1,1,1
426,3,751,293,57,124,1,1,1
427,2,579,316,59,123,1,1,1
427,3,757,293,55,124,1,1,1
428,2,580,314,59,123,1,1,1
428,3,761,290,55,124,1,1,1
429,2,583,317,56,117,1,1,1
429,3,761,291,64,124,1,1,1
430,2,585,318,56,117,1,1,1
430,3,763,287,64,124,1,1,1
431,2,587,319,56,117,1,1,1
431,3,764,286,64,124,1,1,1
432,2,590,326,55,111,1,1,1
432,3,765,296,64,124,1,1,1
433,2,591,323,55,111,1,1,1
433,3,770,291,64,124,1,1,1
434,2,593,322,55,111,1,1,1
434,3,765,295,70,134,1,1,1
435,2,598,324,52,106,1,1,1
435,3,772,285,70,134,1,1,1
436,2,602,332,55,111,1,1,1
436,3,775,282,70,134,1,1,1
437,2,605,335,55,111,1,1,1
437,3,777,282,70,147,1,1,1
438,2,608,331,55,111,1,1,1
438,3,782,303,60,128,1,1,1
439,2,603,330,55,111,1,1,1
439,3,780,301,60,128,1,1,1
440,2,608,326,55,111,1,1,1
440,3,780,299,63,128,1,1,1
441,2,610,328,55,111,1,1,1
441,3,787,288,63,128,1,1,1
442,2,613,331,55,111,1,1,1
442,3,789,284,63,128,1,1,1
443,2,616,332,55,111,1,1,1
443,3,789,277,66,134,1,1,1
444,2,619,333,55,111,1,1,1
444,3,790,295,66,136,1,1,1
445,2,621,334,57,115,1,1,1
445,3,794,299,66,136,1,1,1
446,2,624,336,57,115,1,1,1
446,3,796,301,66,136,1,1,1
447,2,625,336,57,115,1,1,1
447,3,798,301,66,136,1,1,1
448,2,628,334,57,115,1,1,1
448,3,800,297,66,136,1,1,1
449,2,631,337,54,110,1,1,1
449,3,800,296,66,136,1,1,1
450,2,634,340,52,104,1,1,1
450,3,801,296,66,136,1,1,1
451,2,636,338,52,115,1,1,1
451,3,809,306,62,139,1,1,1
452,2,640,343,52,115,1,1,1
452,3,814,302,61,147,1,1,1
453,2,634,337,61,119,1,1,1
453,3,821,305,56,144,1,1,1
454,2,644,333,55,125,1,1,1
454,3,824,298,59,144,1,1,1
455,2,642,336,61,123,1,1,1
455,3,823,300,61,149,1,1,1
456,2,643,335,61,123,1,1,1
456,3,823,296,61,154,1,1,1
457,2,645,337,61,125,1,1,1
457,3,826,296,61,154,1,1,1
458,2,648,339,61,125,1,1,1
458,3,829,297,61,154,1,1,1
459,2,650,340,61,125,1,1,1
459,3,830,296,61,154,1,1,1
460,2,650,341,61,125,1,1,1
460,3,832,297,61,154,1,1,1
461,2,652,342,61,125,1,1,1
461,3,836,295,61,154,1,1,1
462,2,654,344,61,125,1,1,1
462,3,837,293,61,154,1,1,1
463,2,657,346,61,125,1,1,1
463,3,841,294,71,163,1,1,1
464,2,659,347,61,125,1,1,1
464,3,838,297,76,163,1,1,1
465,2,662,349,61,125,1,1,1
465,3,840,302,79,163,1,1,1
466,2,665,345,61,125,1,1,1
466,3,840,300,79,163,1,1,1
467,2,662,351,61,125,1,1,1
467,3,841,302,79,163,1,1,1
468,2,665,354,61,125,1,1,1
468,3,843,305,85,163,1,1,1
469,2,666,354,61,125,1,1,1
469,3,846,302,85,163,1,1,1
470,2,669,359,61,125,1,1,1
470,3,850,305,85,163,1,1,1
471,2,670,355,61,125,1,1,1
471,3,859,301,85,163,1,1,1
472,2,673,361,58,119,1,1,1
472,3,863,303,85,163,1,1,1
473,2,677,359,58,119,1,1,1
473,3,864,305,70,163,1,1,1
474,2,677,360,70,127,1,1,1
474,3,869,305,70,163,1,1,1
475,2,678,361,70,127,1,1,1
475,3,873,309,65,163,1,1,1
476,2,678,368,72,117,1,1,1
476,3,877,311,65,163,1,1,1
477,2,681,373,72,117,1,1,1
477,3,881,304,64,172,1,1,1
478,2,683,373,71,114,1,1,1
478,3,885,308,62,169,1,1,1
479,2,688,375,68,107,1,1,1
479,3,885,314,62,159,1,1,1
480,2,691,363,61,117,1,1,1
480,3,887,315,62,159,1,1,1
481,2,691,357,62,130,1,1,1
481,3,891,317,62,159,1,1,1
482,2,693,370,62,126,1,1,1
482,3,891,313,67,171,1,1,1
483,2,696,364,63,145,1,1,1
483,3,892,317,67,171,1,1,1
484,2,697,367,63,145,1,1,1
484,3,897,311,67,171,1,1,1
485,2,698,367,63,145,1,1,1
485,3,898,316,67,171,1,1,1
486,2,700,366,63,145,1,1,1
486,3,903,315,67,171,1,1,1
487,2,700,367,63,145,1,1,1
487,3,907,316,67,171,1,1,1
488,2,700,369,63,145,1,1,1
488,3,910,309,67,171,1,1,1
489,2,701,373,63,145,1,1,1
489,3,914,315,67,171,1,1,1
490,2,702,374,63,145,1,1,1
490,3,919,311,67,171,1,1,1
491,2,704,378,63,145,1,1,1
491,3,923,314,67,171,1,1,1
492,2,704,382,63,145,1,1,1
492,3,924,312,67,171,1,1,1
493,2,710,373,58,145,1,1,1
493,3,923,315,79,171,1,1,1
494,2,712,373,58,145,1,1,1
494,3,926,314,79,171,1,1,1
495,2,713,372,58,145,1,1,1
495,3,930,314,79,171,1,1,1
496,2,715,375,57,143,1,1,1
496,3,932,311,79,171,1,1,1
497,2,716,376,57,142,1,1,1
497,3,936,309,79,171,1,1,1
498,2,717,367,57,142,1,1,1
498,3,938,313,79,171,1,1,1
499,2,719,381,57,142,1,1,1
499,3,936,330,79,171,1,1,1
500,2,721,377,57,142,1,1,1
500,3,943,329,79,171,1,1,1
501,2,725,387,59,144,1,1,1
501,3,948,328,79,171,1,1,1
502,2,724,382,62,149,1,1,1
502,3,947,332,79,171,1,1,1
503,2,723,386,66,150,1,1,1
503,3,955,330,79,171,1,1,1
504,2,724,387,66,150,1,1,1
504,3,961,329,74,171,1,1,1
505,2,726,385,66,150,1,1,1
505,3,965,332,74,171,1,1,1
506,2,731,381,66,159,1,1,1
506,3,968,332,74,171,1,1,1
507,2,735,381,66,159,1,1,1
507,3,973,334,74,178,1,1,1
508,2,739,379,66,159,1,1,1
508,3,980,332,70,189,1,1,1
509,2,739,383,65,154,1,1,1
509,3,985,331,70,189,1,1,1
510,2,745,388,65,154,1,1,1
510,3,991,338,69,186,1,1,1
511,2,746,400,61,132,1,1,1
511,3,991,336,77,189,1,1,1
512,2,747,395,62,155,1,1,1
512,3,992,344,75,184,1,1,1
513,2,751,399,62,155,1,1,1
513,3,993,350,77,180,1,1,1
514,2,759,405,58,137,1,1,1
514,3,1001,352,79,180,1,1,1
515,2,754,413,63,148,1,1,1
515,3,1004,345,82,182,1,1,1
516,2,754,410,66,156,1,1,1
516,3,1006,350,82,182,1,1,1
517,2,756,411,69,151,1,1,1
517,3,1012,348,82,182,1,1,1
518,2,759,408,68,150,1,1,1
518,3,1019,345,82,182,1,1,1
519,2,759,400,68,167,1,1,1
519,3,1023,343,82,182,1,1,1
520,2,767,397,68,167,1,1,1
520,3,1029,334,82,199,1,1,1
521,2,768,395,70,168,1,1,1
521,3,1034,335,82,189,1,1,1
522,2,775,416,69,147,1,1,1
522,3,1031,343,82,189,1,1,1
523,2,778,417,69,147,1,1,1
523,3,1029,335,87,205,1,1,1
524,2,778,413,70,149,1,1,1
524,3,1039,338,87,202,1,1,1
525,2,782,413,70,149,1,1,1
525,3,1041,347,87,187,1,1,1
526,2,783,412,70,149,1,1,1
526,3,1039,349,91,190,1,1,1
527,2,784,420,70,149,1,1,1
527,3,1045,351,91,190,1,1,1
528,2,787,419,70,149,1,1,1
528,3,1047,348,91,190,1,1,1
529,2,783,426,73,149,1,1,1
529,3,1055,348,91,190,1,1,1
530,2,790,433,73,149,1,1,1
530,3,1055,359,91,190,1,1,1
531,2,795,437,73,149,1,1,1
531,3,1062,358,91,190,1,1,1
532,2,797,433,74,155,1,1,1
532,3,1064,356,91,190,1,1,1
533,2,795,429,82,155,1,1,1
533,3,1071,361,91,190,1,1,1
534,2,805,434,74,159,1,1,1
534,3,1078,359,91,190,1,1,1
535,2,811,436,74,159,1,1,1
535,3,1087,354,91,190,1,1,1
536,2,818,430,70,151,1,1,1
536,3,1085,365,91,198,1,1,1
537,2,816,424,74,159,1,1,1
537,3,1092,362,90,203,1,1,1
538,2,823,428,74,159,1,1,1
538,3,1098,363,90,210,1,1,1
539,2,828,418,74,174,1,1,1
539,3,1100,364,90,210,1,1,1
540,2,833,425,74,174,1,1,1
540,3,1100,364,90,210,1,1,1
541,2,837,429,79,172,1,1,1
541,3,1102,366,90,210,1,1,1
542,2,839,437,74,168,1,1,1
542,3,1105,367,92,217,1,1,1
543,2,844,435,74,168,1,1,1
543,3,1109,366,92,217,1,1,1
544,2,846,447,76,154,1,1,1
544,3,1114,368,92,217,1,1,1
545,2,844,454,76,154,1,1,1
545,3,1118,371,92,217,1,1,1
546,2,850,455,76,154,1,1,1
546,3,1123,373,92,217,1,1,1
547,2,854,456,76,154,1,1,1
547,3,1127,376,92,217,1,1,1
548,2,860,453,76,154,1,1,1
548,3,1142,378,92,214,1,1,1
549,2,858,442,79,179,1,1,1
549,3,1149,373,92,214,1,1,1
550,2,866,448,79,179,1,1,1
550,3,1152,371,92,214,1,1,1
551,2,872,447,79,179,1,1,1
551,3,1155,373,92,214,1,1,1
552,2,871,445,83,188,1,1,1
552,3,1160,376,92,214,1,1,1
553,2,872,435,83,188,1,1,1
553,3,1162,368,92,214,1,1,1
554,2,874,435,83,188,1,1,1
554,3,1162,369,97,225,1,1,1
555,2,878,442,83,188,1,1,1
555,3,1169,364,97,225,1,1,1
556,2,881,439,83,188,1,1,1
556,3,1174,364,97,225,1,1,1
